475 4 1
0.076 0.720 0.546 0.375 1
0.129 0.625 0.546 0.375 1
0.147 0.156 0.546 0.375 1
0.100 0.025 0.597 0.375 1
0.082 0.073 0.489 0.375 1
0.106 0.229 0.489 0.375 1
0.135 0.091 0.489 0.375 1
0.159 0.047 0.469 0.375 0
0.153 0.065 0.469 0.375 0
0.147 0.138 0.469 0.375 1
0.147 0.091 0.625 0.375 1
0.153 -0.011 0.625 0.375 0
0.124 0.018 0.521 0.375 1
0.094 0.087 0.521 0.375 1
0.088 0.145 0.521 0.375 1
0.100 0.109 0.421 0.375 1
0.112 0.116 0.421 0.375 1
0.106 0.098 0.421 0.375 1
0.106 0.105 0.600 0.375 1
0.094 0.142 0.600 0.375 1
0.112 0.222 0.600 0.375 1
0.153 0.215 0.681 0.375 1
0.135 0.345 0.681 0.375 1
0.153 0.549 0.661 0.375 1
0.282 0.549 0.360 0.375 1
0.276 0.491 0.360 0.375 1
0.329 0.447 0.390 0.375 1
0.376 0.287 0.390 0.375 1
0.359 0.331 0.390 0.375 1
0.353 0.367 0.518 0.375 1
0.335 0.353 0.518 0.375 1
0.412 0.407 0.518 0.375 1
0.576 0.367 0.762 0.375 1
0.524 0.145 0.704 0.375 1
0.482 0.244 0.704 0.375 1
0.206 1.000 0.554 1.000 0
0.276 0.495 0.554 1.000 0
0.341 -0.058 0.593 1.000 0
0.288 0.145 0.593 1.000 0
0.212 0.000 0.593 1.000 0
0.206 0.142 0.593 1.000 0
0.194 0.102 0.593 1.000 0
0.212 0.073 0.593 1.000 0
0.194 0.040 0.601 1.000 0
0.147 0.073 0.601 1.000 0
0.118 0.127 0.601 1.000 0
0.112 0.160 0.586 1.000 1
0.124 0.098 0.586 1.000 0
0.112 0.142 0.586 1.000 0
0.112 0.178 0.586 1.000 0
0.106 0.080 0.609 1.000 0
0.106 0.145 0.609 1.000 0
0.118 0.102 0.609 1.000 0
0.106 0.113 0.609 1.000 0
0.088 0.160 0.624 1.000 0
0.071 0.171 0.624 1.000 0
0.065 0.233 0.645 1.000 0
0.059 0.273 0.645 1.000 0
0.065 0.345 0.645 1.000 0
0.100 0.309 0.645 1.000 0
0.100 0.265 0.645 1.000 0
0.094 0.200 0.645 1.000 0
0.106 0.131 0.645 1.000 0
0.100 0.135 0.659 1.000 0
0.094 0.229 0.659 1.000 0
0.124 0.247 0.659 1.000 0
0.182 0.196 0.659 1.000 0
0.224 0.120 0.625 1.000 0
0.229 0.207 0.625 1.000 0
0.241 0.116 0.625 1.000 0
0.265 0.349 0.503 0.750 1
0.306 0.033 0.503 0.750 1
0.324 -0.011 0.503 0.750 1
0.306 0.047 0.540 0.750 1
0.235 -0.018 0.540 0.750 1
0.171 0.102 0.540 0.750 1
0.141 0.116 0.540 0.750 1
0.200 0.047 0.516 0.750 0
0.241 0.044 0.516 0.750 1
0.200 0.011 0.516 0.750 0
0.159 0.036 0.534 0.750 0
0.124 0.051 0.534 0.750 0
0.100 0.080 0.534 0.750 0
0.088 0.153 0.534 0.750 1
0.100 0.149 0.419 0.750 0
0.106 0.153 0.419 0.750 1
0.147 0.105 0.419 0.750 0
0.171 0.098 0.384 0.750 0
0.135 0.138 0.384 0.750 0
0.112 0.142 0.384 0.750 1
0.106 0.156 0.384 0.750 1
0.135 0.200 0.395 0.750 0
0.135 0.255 0.395 0.750 1
0.141 0.462 0.377 0.750 1
0.259 0.465 0.377 0.750 1
0.341 0.335 0.377 0.750 1
0.388 0.258 0.384 0.750 1
0.418 0.164 0.384 0.750 1
0.429 0.164 0.372 0.750 1
0.453 0.244 0.372 0.750 0
0.141 0.378 1.000 0.000 1
0.171 0.091 1.000 0.000 1
0.171 -0.033 0.934 0.000 1
0.265 0.022 0.934 0.000 1
0.253 0.007 0.934 0.000 1
0.194 0.051 0.934 0.000 1
0.265 0.116 0.623 0.000 1
0.406 0.095 0.273 0.000 1
0.347 0.040 0.273 0.000 1
0.406 0.047 0.273 0.000 1
0.418 0.033 0.273 0.000 0
0.318 0.044 0.571 0.000 1
0.300 0.065 0.700 0.000 1
0.253 0.065 0.700 0.000 1
0.212 0.091 0.728 0.000 1
0.194 0.135 0.728 0.000 1
0.224 0.131 0.728 0.000 1
0.259 0.149 0.851 0.000 1
0.259 0.164 0.851 0.000 1
0.329 0.124 0.851 0.000 1
0.359 0.102 0.851 0.000 1
0.365 0.175 0.673 0.000 1
0.324 0.276 0.673 0.000 1
0.312 0.396 0.750 0.000 1
0.406 0.393 0.750 0.000 1
0.418 0.273 0.750 0.000 1
0.471 0.291 0.750 0.000 1
0.488 0.324 0.750 0.000 1
0.435 0.331 0.630 0.000 1
0.435 0.371 0.806 0.000 1
0.441 0.455 0.806 0.000 1
0.641 0.393 0.806 0.000 1
0.694 0.211 0.806 0.000 1
0.659 0.156 0.315 0.000 1
0.612 0.145 0.315 0.000 1
0.571 0.382 0.567 0.500 0
0.735 0.138 0.567 0.500 0
0.541 0.033 0.579 0.500 0
0.529 0.000 0.596 0.500 0
0.571 0.200 0.596 0.500 0
0.653 0.218 0.596 0.500 1
0.582 0.098 0.551 0.500 0
0.541 0.025 0.551 0.500 0
0.347 0.062 0.551 0.500 0
0.247 0.047 0.551 0.500 0
0.194 0.127 0.632 0.500 1
0.106 0.269 0.632 0.500 0
0.118 0.222 0.632 0.500 0
0.082 0.113 0.632 0.500 0
0.071 0.200 0.624 0.500 0
0.082 0.258 0.647 0.500 0
0.071 0.298 0.647 0.500 0
0.071 0.291 0.559 0.500 0
0.065 0.127 0.559 0.500 0
0.041 0.236 0.559 0.500 0
0.065 0.215 0.559 0.500 0
0.053 0.240 0.632 0.500 0
0.053 0.338 0.632 0.500 1
0.206 0.556 0.457 0.500 0
0.288 0.349 0.530 0.500 0
0.371 0.327 0.530 0.500 0
0.429 0.404 0.610 0.500 0
0.488 0.364 0.610 0.500 0
0.353 0.349 0.610 0.500 0
0.382 0.447 0.618 0.500 0
0.606 0.425 0.618 0.500 1
0.647 0.367 0.610 0.500 0
0.671 0.251 0.610 0.500 0
0.500 0.229 0.596 0.500 0
0.429 0.171 0.596 0.500 1
0.006 0.593 0.337 0.750 1
0.006 0.036 0.337 0.750 0
0.018 0.073 0.337 0.750 0
0.006 0.000 0.343 0.750 0
0.006 -0.105 0.343 0.750 1
0.006 0.400 0.343 0.750 1
0.018 0.411 0.343 0.750 1
0.024 0.240 0.343 0.750 0
0.135 0.055 0.324 0.750 1
0.088 0.116 0.324 0.750 0
0.071 0.065 0.324 0.750 0
0.076 0.164 0.254 0.750 0
0.088 0.178 0.254 0.750 1
0.088 0.378 0.254 0.750 0
0.082 0.175 0.254 0.750 0
0.088 0.142 0.394 0.750 0
0.171 0.204 0.394 0.750 1
0.224 0.335 0.394 0.750 1
0.165 0.080 0.394 0.750 0
0.112 0.098 0.330 0.750 0
0.129 0.236 0.330 0.750 0
0.147 0.258 0.349 0.750 1
0.135 0.400 0.349 0.750 1
0.100 0.607 0.349 0.750 1
0.129 0.647 0.349 0.750 1
0.224 0.524 0.343 0.750 1
0.341 0.462 0.343 0.750 1
0.424 0.284 0.343 0.750 0
0.347 0.273 0.330 0.750 0
0.271 0.422 0.330 0.750 1
0.300 0.436 0.330 0.750 1
0.341 0.349 0.330 0.750 0
0.359 0.305 0.362 0.750 1
0.288 0.258 0.362 0.750 1
0.282 0.215 0.362 0.750 0
0.035 0.644 0.626 0.000 1
0.041 0.436 0.626 0.000 0
0.053 -0.069 0.626 0.000 1
0.094 0.015 0.626 0.000 0
0.088 0.036 0.626 0.000 1
0.065 0.156 0.719 0.000 0
0.047 -0.029 0.719 0.000 1
0.053 0.556 0.719 0.000 0
0.076 0.207 0.211 0.000 1
0.071 0.153 0.211 0.000 0
0.065 0.087 0.211 0.000 1
0.065 0.189 0.211 0.000 0
0.071 0.185 0.412 0.000 1
0.053 0.116 0.412 0.000 1
0.071 0.098 0.412 0.000 0
0.071 0.095 0.412 0.000 1
0.094 0.102 0.521 0.000 1
0.153 0.167 0.243 0.000 1
0.135 0.222 0.243 0.000 0
0.141 0.215 0.243 0.000 0
0.153 0.200 0.243 0.000 1
0.159 0.225 0.243 0.000 1
0.153 0.265 0.469 0.000 1
0.165 0.498 0.469 0.000 1
0.241 0.429 0.469 0.000 1
0.259 0.349 0.469 0.000 1
0.288 0.342 0.469 0.000 0
0.306 0.331 0.530 0.000 0
0.347 0.393 0.530 0.000 1
0.371 0.484 0.530 0.000 0
0.435 0.487 0.869 0.000 0
0.476 0.429 0.869 0.000 0
0.488 0.349 0.869 0.000 0
0.571 0.269 0.869 0.000 0
0.600 0.211 0.869 0.000 0
0.376 0.280 0.461 0.250 0
0.359 0.076 0.461 0.250 0
0.324 -0.069 0.461 0.250 0
0.306 0.007 0.394 0.250 0
0.229 0.062 0.394 0.250 0
0.182 0.095 0.394 0.250 0
0.159 0.076 0.394 0.250 0
0.159 0.076 0.432 0.250 0
0.112 0.036 0.432 0.250 0
0.053 0.055 0.432 0.250 0
0.035 0.084 0.432 0.250 0
0.035 0.105 0.484 0.250 0
0.041 0.109 0.484 0.250 0
0.035 0.087 0.484 0.250 0
0.029 0.116 0.484 0.250 0
0.035 0.131 0.517 0.250 0
0.100 0.058 0.517 0.250 0
0.071 0.058 0.517 0.250 0
0.041 0.069 0.517 0.250 0
0.035 0.124 0.574 0.250 0
0.041 0.189 0.574 0.250 1
0.053 0.200 0.574 0.250 0
0.059 0.255 0.590 0.250 0
0.124 0.255 0.590 0.250 0
0.235 0.215 0.590 0.250 0
0.235 0.156 0.590 0.250 0
0.229 0.135 0.549 0.250 0
0.218 0.098 0.549 0.250 1
0.194 0.149 0.549 0.250 0
0.194 0.196 0.549 0.250 0
0.271 0.229 0.558 0.250 0
0.394 0.193 0.558 0.250 0
0.482 0.120 0.493 0.250 0
0.482 0.087 0.493 0.250 1
0.488 0.080 0.493 0.250 0
0.429 0.287 0.138 0.500 1
0.535 0.335 0.138 0.500 1
0.565 0.182 0.138 0.500 0
0.476 0.000 0.164 0.500 0
0.400 0.095 0.164 0.500 1
0.453 0.156 0.164 0.500 0
0.541 0.149 0.104 0.500 0
0.506 0.164 0.104 0.500 1
0.471 0.000 0.104 0.500 1
0.394 0.015 0.104 0.500 0
0.335 0.098 0.141 0.500 1
0.335 0.153 0.141 0.500 1
0.359 0.091 0.141 0.500 1
0.276 0.244 0.141 0.500 1
0.271 0.182 0.194 0.500 1
0.276 0.113 0.194 0.500 1
0.294 0.116 0.194 0.500 1
0.312 0.171 0.194 0.500 1
0.294 0.269 0.159 0.500 1
0.341 0.298 0.159 0.500 1
0.324 0.327 0.159 0.500 1
0.365 0.316 0.159 0.500 1
0.335 0.415 0.168 0.500 1
0.312 0.618 0.168 0.500 1
0.429 0.760 0.168 0.500 1
0.529 0.655 0.168 0.500 1
0.518 0.495 0.146 0.500 1
0.482 0.276 0.146 0.500 1
0.418 0.480 0.146 0.500 1
0.429 0.662 0.146 0.500 1
0.582 0.742 0.115 0.500 1
0.671 0.622 0.115 0.500 1
0.824 0.382 0.122 0.500 1
0.918 0.313 0.122 0.500 1
1.000 0.196 0.122 0.500 1
0.518 0.520 0.476 0.250 1
0.559 0.069 0.476 0.250 1
0.588 0.051 0.511 0.250 1
0.512 0.087 0.511 0.250 1
0.441 0.084 0.511 0.250 1
0.547 0.124 0.511 0.250 1
0.435 0.040 0.511 0.250 1
0.376 0.116 0.526 0.250 1
0.318 0.000 0.526 0.250 1
0.235 0.076 0.526 0.250 1
0.200 0.073 0.526 0.250 1
0.259 0.182 0.526 0.250 1
0.224 0.244 0.511 0.250 1
0.247 0.229 0.511 0.250 1
0.312 0.153 0.511 0.250 1
0.335 0.087 0.511 0.250 1
0.312 0.047 0.511 0.250 1
0.329 0.044 0.540 0.250 1
0.329 0.095 0.540 0.250 1
0.312 0.182 0.540 0.250 1
0.312 0.178 0.540 0.250 1
0.371 0.207 0.543 0.250 1
0.365 0.393 0.543 0.250 1
0.312 0.695 0.543 0.250 1
0.341 0.618 0.543 0.250 1
0.388 0.607 0.618 0.250 1
0.412 0.673 0.618 0.250 1
0.418 0.436 0.618 0.250 1
0.447 0.538 0.618 0.250 1
0.441 0.775 0.618 0.250 1
0.459 0.709 0.618 0.250 1
0.494 0.600 0.618 0.250 1
0.547 0.531 0.607 0.250 1
0.571 0.393 0.607 0.250 1
0.582 0.335 0.607 0.250 1
0.065 0.600 0.226 0.125 1
0.071 0.182 0.300 0.125 1
0.076 0.240 0.379 0.125 1
0.100 0.236 0.379 0.125 1
0.106 -0.036 0.433 0.125 1
0.100 0.000 0.433 0.125 1
0.082 0.120 0.433 0.125 1
0.082 -0.015 0.455 0.125 1
0.088 0.036 0.455 0.125 1
0.065 0.131 0.449 0.125 1
0.059 0.196 0.449 0.125 1
0.076 0.247 0.449 0.125 1
0.071 0.280 0.468 0.125 0
0.071 0.138 0.468 0.125 0
0.071 0.240 0.468 0.125 1
0.076 0.185 0.468 0.125 0
0.076 0.145 0.457 0.125 0
0.071 0.196 0.457 0.125 0
0.065 0.189 0.353 0.125 0
0.065 0.280 0.353 0.125 0
0.071 0.229 0.353 0.125 1
0.082 0.178 0.452 0.125 0
0.076 0.422 0.452 0.125 0
0.082 0.844 0.452 0.125 1
0.112 0.429 0.452 0.125 1
0.118 0.342 0.421 0.125 0
0.118 0.298 0.421 0.125 0
0.129 0.153 0.421 0.125 0
0.124 0.135 0.449 0.125 0
0.118 0.280 0.418 0.125 0
0.129 0.182 0.418 0.125 0
0.141 0.098 0.418 0.125 0
0.153 0.069 0.433 0.125 0
0.159 0.084 0.433 0.125 0
0.153 0.073 0.433 0.125 0
0.141 0.433 0.445 0.750 0
0.206 0.000 0.457 0.750 0
0.147 0.000 0.457 0.750 0
0.106 0.145 0.457 0.750 0
0.076 0.069 0.457 0.750 0
0.053 0.069 0.483 0.750 0
0.071 0.222 0.483 0.750 0
0.135 0.080 0.449 0.750 0
0.106 0.040 0.449 0.750 0
0.065 0.084 0.449 0.750 0
0.047 0.047 0.449 0.750 0
0.029 0.084 0.449 0.750 0
0.035 0.120 0.432 0.750 0
0.029 0.211 0.432 0.750 0
0.029 0.211 0.432 0.750 0
0.047 0.211 0.432 0.750 0
0.094 0.127 0.390 0.750 0
0.082 0.135 0.390 0.750 0
0.059 0.269 0.390 0.750 0
0.059 0.135 0.390 0.750 0
0.076 0.273 0.398 0.750 0
0.129 0.284 0.398 0.750 0
0.129 0.291 0.441 0.750 0
0.159 0.349 0.441 0.750 0
0.306 0.371 0.441 0.750 0
0.324 0.331 0.441 0.750 0
0.312 0.236 0.474 0.750 0
0.312 0.149 0.474 0.750 0
0.318 0.153 0.474 0.750 0
0.353 0.236 0.474 0.750 0
0.506 0.247 0.423 0.750 0
0.671 0.215 0.423 0.750 0
0.806 0.102 0.449 0.750 0
0.829 0.120 0.449 0.750 0
0.753 0.080 0.449 0.750 0
0.000 0.404 0.476 0.375 1
0.000 0.284 0.476 0.375 0
0.000 0.175 0.476 0.375 0
0.006 0.164 0.557 0.375 0
0.000 0.095 0.557 0.375 0
0.006 0.127 0.557 0.375 0
0.024 0.073 0.651 0.375 0
0.024 0.160 0.651 0.375 0
0.071 0.135 0.651 0.375 0
0.035 0.029 0.540 0.375 0
0.018 0.065 0.540 0.375 0
0.006 0.098 0.540 0.375 0
0.006 0.069 0.557 0.375 0
0.006 0.124 0.557 0.375 0
0.006 0.124 0.557 0.375 0
0.006 0.102 0.557 0.375 0
0.006 0.222 0.557 0.375 1
0.047 0.156 0.557 0.375 1
0.018 0.178 0.590 0.375 1
0.012 0.240 0.590 0.375 1
0.012 0.382 0.590 0.375 1
0.024 0.251 0.803 0.375 1
0.012 0.295 0.803 0.375 1
0.006 0.404 0.803 0.375 1
0.012 0.531 0.468 0.375 1
0.024 0.618 0.468 0.375 1
0.018 0.524 0.468 0.375 1
0.100 0.436 0.553 0.375 1
0.112 0.498 0.553 0.375 1
0.129 0.625 0.553 0.375 1
0.212 0.560 0.593 0.375 1
0.206 0.589 0.593 0.375 1
0.329 0.269 0.593 0.375 1
0.335 0.225 0.750 0.375 1
0.241 0.560 0.750 0.375 1
0.047 0.585 0.720 0.875 0
0.059 0.320 0.720 0.875 0
0.053 0.069 0.720 0.875 0
0.047 0.167 0.677 0.875 0
0.053 0.040 0.677 0.875 0
0.059 0.131 0.677 0.875 1
0.094 0.102 0.677 0.875 0
0.088 0.178 0.670 0.875 0
0.065 0.080 0.670 0.875 0
0.053 0.015 0.670 0.875 0
0.059 0.091 0.670 0.875 1
0.059 0.193 0.644 0.875 0
0.071 0.095 0.644 0.875 1
0.065 0.207 0.644 0.875 0
0.053 0.156 0.644 0.875 0
0.047 0.120 0.593 0.875 0
0.041 0.160 0.593 0.875 0
0.065 0.127 0.593 0.875 0
0.059 0.113 0.593 0.875 0
0.047 0.385 0.626 0.875 0
0.047 0.229 0.626 0.875 0
0.100 0.262 0.626 0.875 0
0.088 0.269 0.626 0.875 0
0.088 0.342 0.661 0.875 1
0.135 0.425 0.661 0.875 0