9 10 8
0.184 0.368 0.626 0.780 0.081 0.929 0.776 0.487 0.436 0.447
0.306 0.509 0.511 0.818 0.795 0.644 0.379 0.812 0.533 0.351 
0.939 0.876 0.550 0.622 0.587 0.208 0.301 0.471 0.230 0.844 
0.195 0.226 0.171 0.228 0.436 0.311 0.923 0.430 0.185 0.905 
0.980 0.439 0.111 0.258 0.409 0.595 0.262 0.603 0.711 0.222 
0.117 0.297 0.319 0.424 0.508 0.086 0.262 0.801 0.029 0.929 
0.730 0.489 0.579 0.237 0.459 0.963 0.547 0.521 0.232 0.489 
0.399 0.527 0.417 0.657 0.628 0.292 0.432 0.015 0.984 0.167 
0.106 0.372 0.198 0.490 0.339 0.952 0.920 0.053 0.738 0.269 
0.423 0.548 0.943 0.418 0.983 0.301 0.701 0.666 0.539 0.698 
0.969 0.531 0.325 0.106 0.611 0.779 0.423 0.091 0.266 0.154 0.281 
0.440 0.527 0.457 0.875 0.518 0.944 0.638 0.958 0.241 0.676 0.289 
0.672 0.695 0.068 0.255 0.224 0.668 0.844 0.344 0.781 0.675 0.007 
0.602 0.387 0.916 0.001 0.462 0.424 0.461 0.770 0.322 0.785 0.471 
0.036 0.176 0.722 0.473 0.153 0.341 0.607 0.192 0.738 0.243 0.917 
0.269 0.766 0.189 0.287 0.091 0.576 0.683 0.547 0.426 0.644 0.648 
0.679 0.636 0.945 0.209 0.709 0.236 0.119 0.607 0.450 0.459 0.662 
0.770 0.350 0.662 0.416 0.842 0.833 0.256 0.613 0.582 0.541 0.870 
