145 9 8
0.333 0.000 0.619 0.869 0.571 0.750 0.533 0.000 0.250 0 0 0 0 0 0 0 0 
1.000 0.000 0.548 0.914 0.619 0.686 0.354 0.143 0.500 1 0 0 1 0 0 0 0 
0.667 0.667 0.571 0.897 0.766 0.827 0.661 0.000 0.250 0 0 0 1 1 0 1 0 
0.333 0.889 0.524 0.869 0.434 0.473 0.447 0.000 0.250 0 0 0 0 0 0 0 0 
0.333 0.000 0.643 0.914 0.581 0.600 0.597 0.143 0.500 0 0 0 0 0 0 0 0 
0.333 0.778 0.762 1.000 0.738 0.855 0.639 0.286 1.000 0 0 0 0 0 0 0 0 
0.333 0.000 0.571 0.989 0.800 0.891 0.543 0.000 0.250 0 0 0 0 0 0 0 0 
0.333 0.889 0.595 0.931 0.733 0.850 0.639 0.143 0.250 0 0 0 1 0 0 0 0 
0.667 0.667 0.476 0.886 0.548 0.595 0.588 0.143 1.000 0 0 0 0 0 0 1 0 
0.667 0.889 0.429 0.931 0.871 0.909 0.525 0.000 0.250 1 0 0 0 0 1 0 0 
0.333 0.000 0.500 0.943 0.675 0.755 0.470 0.000 0.250 0 0 0 0 0 0 0 0 
0.333 0.000 0.619 0.886 0.518 0.536 0.420 0.000 0.250 1 0 0 0 0 0 0 0 
0.667 0.667 0.833 0.943 0.733 0.827 0.580 1.000 0.500 0 0 1 0 0 0 0 0 
0.333 0.889 0.619 0.914 0.548 0.645 0.715 0.143 0.750 0 0 1 1 0 0 0 1 
0.333 0.667 0.810 0.960 0.714 0.773 0.597 0.429 0.750 0 0 0 1 0 0 1 0 
0.000 0.000 0.595 0.857 0.495 0.550 0.435 0.143 0.000 0 0 0 0 0 0 0 0 
0.333 0.778 1.000 0.869 0.699 0.732 0.389 0.857 1.000 0 0 0 1 0 0 0 0 
0.667 0.667 0.619 0.943 0.733 0.814 0.479 0.143 0.750 0 0 0 1 0 0 0 0 
0.667 0.667 0.429 0.914 0.591 0.700 0.619 0.143 0.750 0 0 0 1 0 1 0 0 
0.000 0.111 1.000 0.943 0.561 0.636 0.435 0.286 0.000 0 0 0 0 0 0 0 0 
0.667 0.000 0.667 0.931 0.619 0.723 0.597 0.143 0.750 0 0 0 0 0 0 0 0 
0.333 0.000 0.619 0.869 0.466 0.564 0.556 0.000 0.250 0 1 0 0 0 0 0 0 
0.333 0.000 0.548 0.897 0.585 0.609 0.489 0.000 0.250 0 0 0 0 0 0 0 0 
0.667 0.667 0.500 0.886 0.600 0.773 0.533 0.000 0.250 0 0 0 1 0 0 0 0 
0.667 0.778 0.762 0.869 0.728 0.755 0.580 0.714 0.750 0 0 1 0 0 0 1 0 
0.333 0.889 0.429 0.914 0.766 0.814 0.326 0.000 0.250 0 0 0 0 1 0 0 0 
0.333 0.000 0.595 0.971 0.548 0.595 0.389 0.143 0.750 1 0 0 0 0 0 0 0 
0.333 0.000 0.714 0.931 0.657 0.723 0.489 0.571 0.000 0 0 0 0 0 0 0 0 
0.333 0.000 0.452 0.943 0.771 0.927 0.533 0.000 0.000 0 0 0 0 0 0 0 0 
0.667 0.778 0.619 0.943 0.733 0.891 0.511 0.143 0.500 0 0 0 0 0 0 0 0 
0.333 0.889 0.667 0.960 0.595 0.709 0.543 0.000 0.250 0 0 0 0 0 0 0 0 
0.333 0.000 0.500 0.914 0.609 0.695 0.525 0.000 0.000 0 0 0 0 0 0 0 0 
0.000 0.000 0.690 0.897 0.714 0.750 0.533 0.000 0.000 0 0 0 0 0 0 0 0 
0.333 0.889 0.643 0.943 0.533 0.664 0.494 0.143 0.500 0 0 0 1 0 0 0 0 
0.667 0.222 0.714 0.914 0.533 0.627 0.597 0.143 0.500 1 0 0 0 0 0 0 0 
0.667 0.556 0.619 1.000 0.728 0.841 0.669 0.000 0.250 0 0 0 1 0 0 0 0 
0.333 0.889 0.500 0.914 0.657 0.732 0.470 0.000 0.250 0 0 0 1 0 0 0 0 
0.667 0.222 0.571 0.989 0.666 0.695 0.506 0.143 0.500 0 0 0 0 0 1 0 0 
0.667 0.889 0.667 0.857 0.581 0.664 0.693 0.286 1.000 0 0 0 0 0 0 0 0 
0.333 0.889 0.643 0.897 0.585 0.623 0.588 0.000 0.250 0 0 1 1 0 0 0 0 
1.000 0.667 0.762 0.914 0.499 0.668 0.543 0.714 0.750 1 0 1 0 0 0 0 0 
1.000 0.556 0.619 0.931 0.581 0.632 0.525 0.000 0.250 0 0 0 1 1 0 0 1 
0.667 0.778 0.881 0.931 0.638 0.695 0.543 0.286 0.500 0 0 0 0 1 0 1 0 
1.000 0.778 0.738 0.914 0.634 0.773 0.521 0.143 0.000 0 0 1 0 0 1 0 0 
0.333 0.000 0.571 0.897 0.652 0.773 0.538 0.000 0.000 0 0 0 0 0 0 0 0 
1.000 0.556 0.571 0.943 0.600 0.736 0.588 0.000 0.000 0 0 0 1 0 1 0 0 
0.333 0.000 0.548 0.869 0.581 0.695 0.533 0.000 0.250 0 0 0 0 0 0 0 0 
0.667 0.333 0.738 0.914 0.499 0.559 0.258 0.000 0.250 1 0 0 0 0 0 1 0 
0.333 0.889 0.881 0.914 0.800 0.891 0.570 0.143 0.750 0 0 0 1 0 0 0 0 
0.667 0.667 0.548 0.943 1.000 0.955 0.435 0.143 0.500 0 0 0 1 0 0 1 0 
0.333 0.444 0.929 0.971 0.757 0.891 0.548 0.000 0.250 0 0 0 1 0 0 0 0 
0.667 0.667 0.762 0.971 0.690 0.750 0.583 0.143 1.000 0 0 0 0 0 0 0 0 
0.667 0.444 0.714 0.869 0.533 0.573 0.408 0.143 0.750 0 1 1 0 1 0 0 0 
0.667 0.333 0.571 0.897 0.600 0.586 0.172 0.000 0.250 0 0 0 1 0 1 0 0 
0.333 0.000 0.571 1.000 0.724 0.773 0.538 0.000 0.250 0 0 0 0 0 0 0 0 
0.667 0.667 0.690 0.886 0.499 0.545 0.607 0.286 0.750 0 0 0 0 0 0 1 0 
0.333 0.000 0.571 1.000 0.619 0.686 0.475 0.429 0.500 0 0 0 0 0 0 0 0 
0.667 0.778 0.643 0.971 0.628 0.714 0.470 0.143 0.500 1 0 0 1 0 0 1 0 
0.667 0.444 0.714 0.897 0.628 0.759 0.452 0.143 0.500 0 1 0 0 0 0 1 0 
0.667 0.333 0.762 0.931 0.695 0.827 0.420 0.286 0.750 1 0 0 1 1 1 1 0 
0.333 0.000 0.548 0.886 0.466 0.482 0.361 0.000 0.250 0 0 0 0 0 0 0 0 
0.333 0.000 0.429 0.914 0.666 0.750 0.553 0.000 0.250 0 0 0 0 0 0 0 0 
0.667 1.000 0.667 0.886 0.499 0.582 0.408 0.143 0.500 0 0 0 1 0 0 0 0 
0.333 0.000 0.571 0.857 0.481 0.550 0.494 0.143 1.000 0 0 0 0 0 0 0 1 
0.333 0.556 0.524 0.960 0.557 0.645 0.489 0.000 0.250 0 0 0 0 0 0 1 0 
0.667 0.556 0.690 0.897 0.634 0.741 0.521 0.143 0.750 0 0 0 1 0 1 0 0 
1.000 0.222 0.714 0.943 0.937 0.977 0.607 0.143 0.750 0 1 0 0 0 0 0 0 
0.667 0.444 0.524 0.971 0.647 0.755 0.511 0.000 0.250 1 1 0 0 0 0 1 0 
0.667 0.556 0.738 0.931 0.695 0.823 0.361 0.000 0.250 0 0 0 1 0 0 0 0 
0.333 0.000 0.690 0.897 0.634 0.641 0.525 0.429 0.500 0 0 0 0 0 0 0 0 
0.333 0.000 0.667 0.943 0.634 0.732 0.597 0.000 0.250 0 0 0 0 0 0 0 0 
1.000 0.667 0.762 0.914 0.499 0.505 0.303 0.429 0.750 0 0 1 1 0 0 0 0 
0.333 0.778 0.500 0.886 0.705 0.800 0.521 0.000 0.250 0 0 0 0 0 0 0 0 
0.667 0.556 0.571 0.857 0.524 0.636 0.439 0.000 0.250 0 0 0 1 0 0 0 0 
0.667 0.556 0.619 0.943 0.581 0.673 0.661 0.286 1.000 0 0 0 1 0 1 0 0 
0.333 0.000 0.619 0.989 0.600 0.655 0.489 0.143 0.500 0 0 0 0 0 0 0 0 
0.667 0.778 0.619 0.914 0.681 0.805 0.629 0.000 0.250 0 0 0 0 0 0 0 0 
1.000 0.000 0.667 0.943 0.600 0.827 0.619 0.000 0.250 0 0 0 1 0 0 1 0 
0.667 0.000 0.857 0.989 0.795 0.873 0.580 0.143 0.750 0 0 0 1 0 0 1 0 
0.667 0.778 0.690 0.886 0.791 0.786 0.416 0.000 0.250 0 0 0 0 0 0 1 0 
0.333 0.778 0.548 0.943 0.499 0.518 0.452 0.143 0.750 0 0 0 1 0 0 0 0 
1.000 0.889 0.452 0.971 0.600 0.745 0.588 0.286 0.500 0 1 1 1 0 1 0 0 
1.000 0.778 0.714 0.989 0.666 0.805 0.575 0.000 1.000 1 0 0 1 0 0 1 0 
0.667 0.667 0.571 0.914 0.524 0.591 0.561 0.143 0.500 0 0 1 1 0 1 0 0 
0.333 0.000 0.571 0.971 0.628 0.650 0.506 0.000 0.250 0 0 0 0 0 0 0 0 
0.333 0.000 0.714 0.886 0.499 0.591 0.502 0.143 0.500 0 0 0 0 0 0 0 0 
0.667 0.556 0.595 0.943 0.529 0.609 0.533 0.143 0.500 0 0 0 1 0 0 0 0 
1.000 0.778 0.548 0.886 0.657 0.855 0.666 0.000 0.250 0 0 0 1 0 0 0 0 
1.000 0.333 0.786 0.931 0.666 0.709 0.467 0.143 0.750 1 0 0 1 0 0 1 0 
0.333 0.000 0.738 0.869 0.548 0.532 0.381 0.286 0.500 0 0 0 0 0 0 0 0 
0.667 0.778 0.500 0.857 0.666 0.636 0.475 0.286 0.500 0 0 0 0 0 0 0 0 
0.333 0.000 0.643 1.000 0.714 0.827 0.951 0.000 0.000 0 0 0 0 0 0 0 0 
0.333 0.556 0.595 0.914 0.714 0.764 0.506 0.000 0.250 0 0 0 1 0 0 0 0 
1.000 0.222 0.810 0.931 0.699 0.805 0.661 0.429 0.500 1 0 0 0 0 0 0 0 
0.667 0.667 0.619 0.971 0.690 0.682 0.533 0.143 1.000 0 0 0 0 0 0 0 0 
0.000 0.000 0.476 0.897 0.634 0.695 0.516 0.000 0.000 0 0 0 0 0 0 0 0 
0.667 0.000 0.667 0.960 0.933 0.945 0.412 0.000 0.250 0 0 0 1 0 0 0 0 
0.667 0.000 0.619 0.971 0.843 0.891 0.226 0.000 0.000 1 0 0 1 0 0 1 0 
0.667 0.667 0.524 0.914 0.666 0.827 0.619 0.286 0.750 0 0 1 0 0 0 0 0 
0.667 0.444 0.619 0.857 0.457 0.536 0.607 0.000 0.250 0 0 0 0 0 0 1 0 
0.333 0.889 0.500 0.886 0.571 0.673 0.592 0.000 0.250 0 0 0 1 0 1 0 0 
0.333 0.778 0.429 0.914 0.657 0.714 0.389 0.143 0.000 0 0 0 0 0 0 0 0 
0.667 0.667 0.524 0.869 0.566 0.650 0.443 0.000 0.250 0 1 0 0 0 0 1 0 
0.000 0.000 0.476 0.931 0.561 0.732 0.443 0.000 0.000 0 0 0 0 0 0 0 0 
0.333 0.000 0.595 0.943 0.647 0.668 0.506 0.000 0.250 0 0 0 0 0 0 0 0 
0.667 0.444 0.548 0.897 0.800 0.873 0.443 0.143 0.250 0 0 0 1 0 0 0 0 
0.333 0.556 0.524 0.914 0.780 0.827 0.462 0.000 0.250 0 0 0 0 0 0 1 0 
0.667 0.667 0.524 0.960 0.499 0.536 0.479 0.429 0.750 0 0 0 1 0 0 0 0 
0.333 0.889 0.762 0.931 0.548 0.568 0.398 0.000 0.250 0 0 0 0 0 0 1 0 
0.667 0.667 0.619 0.897 0.561 0.650 0.457 0.143 0.500 0 0 0 1 0 0 0 0 
0.333 0.000 0.595 0.931 0.614 0.623 0.389 0.000 0.250 0 0 0 0 0 0 0 0 
0.000 0.111 0.452 0.897 0.542 0.718 0.533 0.000 0.000 0 0 0 0 0 0 0 0 
0.333 0.000 0.500 0.914 0.800 0.782 0.489 0.000 0.250 0 0 0 0 0 0 0 0 
0.333 0.000 0.548 0.914 0.591 0.714 0.398 0.000 0.250 0 0 0 0 0 0 0 0 
0.667 0.778 0.476 0.914 0.566 0.682 0.570 0.000 0.250 0 0 0 1 0 0 0 1 
0.333 0.444 0.452 0.943 0.600 0.700 0.416 0.143 0.250 0 0 1 0 0 0 0 0 
0.667 0.889 0.714 0.857 0.557 0.664 0.634 0.143 0.750 0 0 1 0 0 1 0 0 
0.333 0.000 0.619 0.914 0.600 0.659 0.619 0.000 0.000 0 0 0 0 0 0 0 0 
0.333 0.000 0.571 0.897 0.634 0.745 0.516 0.000 0.250 0 0 0 0 0 0 0 0 
0.333 0.667 0.667 0.914 0.490 0.605 0.475 0.143 0.750 0 0 0 0 0 0 1 0 
0.000 0.000 0.381 0.931 0.634 0.659 0.506 0.000 0.000 0 0 0 0 0 0 0 0 
0.333 0.000 0.690 0.931 0.571 0.673 0.570 0.000 0.250 0 0 0 0 0 0 0 0 
1.000 0.667 0.595 0.897 0.619 0.695 0.619 0.143 0.500 0 0 0 0 0 0 1 0 
0.667 0.333 0.405 0.869 0.505 0.618 0.443 0.000 0.000 0 0 1 0 0 0 1 0 
0.333 0.778 0.548 0.943 0.809 0.832 0.570 0.000 0.250 0 0 0 0 0 0 1 0 
0.333 0.000 0.619 0.931 0.761 0.800 0.470 0.000 0.250 0 0 0 0 0 0 0 0 
0.333 0.000 0.476 0.931 0.614 0.700 0.452 0.143 0.250 0 0 0 0 0 1 0 0 
0.667 0.222 0.595 0.960 0.571 0.718 0.592 0.000 0.250 0 0 0 1 0 0 1 0 
0.333 0.333 0.571 0.931 0.647 0.736 0.452 0.000 0.250 0 0 0 0 0 0 1 0 
1.000 0.333 0.833 0.931 0.728 0.723 0.561 0.286 0.500 0 0 0 0 0 0 0 1 
0.000 0.000 0.667 0.971 0.819 0.986 0.452 0.143 0.000 0 0 0 0 0 0 0 0 
1.000 0.444 0.595 0.931 0.832 0.905 0.502 0.000 0.250 0 0 0 0 0 0 0 0 
0.333 0.667 0.524 0.931 0.634 0.777 0.381 0.000 0.250 1 1 0 0 0 0 0 0 
0.333 0.778 1.000 0.857 0.466 0.486 0.361 0.714 0.500 1 0 0 0 0 0 0 0 
0.333 0.889 0.500 0.914 0.634 0.732 0.521 0.000 0.250 0 0 0 0 0 0 0 0 
0.667 0.444 0.476 0.869 0.634 0.750 0.580 0.000 0.000 0 0 0 1 0 0 0 0 
0.333 0.000 0.571 0.931 0.591 0.700 0.489 0.000 0.000 0 0 0 0 0 0 0 0 
0.333 0.556 0.786 0.943 0.419 0.550 0.553 0.000 0.250 1 0 0 0 0 0 0 0 
0.333 0.667 0.786 0.943 0.666 0.827 0.615 0.000 0.250 0 0 0 1 0 0 0 0 
1.000 0.333 0.690 0.931 0.609 0.655 0.452 0.143 0.750 1 0 0 0 0 0 0 0 
0.667 0.889 0.643 0.943 0.600 0.695 0.580 0.000 0.250 0 0 0 1 0 0 1 0 
1.000 0.333 0.476 0.869 0.466 0.514 0.307 0.143 0.750 0 0 0 0 0 0 0 0 
0.667 0.667 0.429 0.931 0.514 0.568 0.516 0.000 0.000 0 0 0 0 0 0 0 0 
0.667 0.778 0.619 0.897 0.552 0.659 0.556 0.000 0.250 0 0 0 1 0 0 1 0 
0.333 0.778 0.500 0.886 0.548 0.650 0.553 0.000 0.250 0 0 0 0 0 0 1 0
