9 10 8
0.213 0.303 0.540 0.757 0.054 0.902 0.741 0.466 0.443 0.413 
0.613 0.557 0.648 0.684 0.529 0.508 0.233 0.659 0.425 0.272 
0.680 0.727 0.338 0.741 0.820 0.361 0.466 0.609 0.231 0.794 
0.216 0.074 -0.051 0.239 0.420 0.299 0.894 0.392 0.138 0.832 
1.512 0.691 0.273 0.003 -0.065 0.225 -0.105 0.293 0.802 0.303 
0.372 0.200 0.261 0.252 0.275 -0.092 0.087 0.681 0.102 0.871 
1.634 1.447 2.041 -0.108 -0.286 0.636 0.307 0.089 -0.153 0.580 
0.812 0.570 0.611 0.450 0.256 0.042 0.176 -0.181 0.980 0.112 
0.317 0.310 0.264 0.343 0.149 0.837 0.807 -0.023 0.717 0.195 
0.381 0.501 0.886 0.437 1.023 0.338 0.737 0.691 0.516 0.671 
1.637 0.036 -0.145 -0.191 0.173 0.641 0.066 -0.120 0.100 -0.279 -0.228 
1.441 -0.333 -0.424 0.138 -0.282 0.658 -0.094 0.328 -0.431 -0.157 -0.595 
1.593 0.041 -0.550 -0.238 -0.423 0.594 0.387 0.318 0.568 0.054 -0.659 
2.267 -0.244 0.345 -0.118 -0.288 0.208 0.108 2.342 0.378 0.109 -0.191 
1.033 -0.663 -0.141 -0.256 -0.644 -0.027 -0.128 -0.430 0.073 -0.574 0.046 
1.232 0.028 -0.541 -0.283 -0.611 0.332 0.108 0.333 -0.044 -0.071 -0.101 
1.772 0.020 0.368 -0.124 0.023 -0.022 -0.316 1.112 0.188 -0.198 0.033 
1.781 -0.525 -0.233 -0.342 0.027 0.494 -0.484 -0.080 -0.124 -0.317 -0.030 
