9 10 8
0.239 0.327 0.578 0.746 0.030 0.891 0.732 0.455 0.436 0.419 
0.528 0.521 0.590 0.710 0.598 0.531 0.255 0.703 0.486 0.310 
0.759 0.766 0.387 0.705 0.749 0.312 0.413 0.566 0.233 0.806 
0.258 0.159 0.079 0.207 0.381 0.274 0.877 0.385 0.154 0.864 
1.535 0.408 0.080 -0.049 -0.096 0.232 -0.127 0.304 0.718 0.158 
0.309 0.205 0.253 0.298 0.332 -0.044 0.127 0.710 0.058 0.877 
1.286 0.719 1.087 -0.049 -0.031 0.686 0.270 0.263 0.108 0.492 
0.654 0.449 0.415 0.511 0.392 0.131 0.254 -0.106 0.984 0.103 
0.290 0.341 0.251 0.374 0.172 0.848 0.812 -0.023 0.723 0.226 
0.451 0.511 0.908 0.400 0.958 0.290 0.686 0.654 0.523 0.673 
1.533 0.081 -0.130 -0.201 0.202 0.546 0.052 -0.247 -0.014 -0.267 -0.178 
1.410 -0.314 -0.412 0.145 -0.266 0.650 -0.090 0.278 -0.434 -0.140 -0.578 
1.449 0.092 -0.548 -0.210 -0.355 0.419 0.350 -0.030 0.394 0.081 -0.605 
1.796 -0.134 0.343 -0.100 -0.099 0.162 0.128 1.192 0.177 0.197 -0.052 
0.996 -0.648 -0.133 -0.247 -0.627 -0.037 -0.124 -0.493 0.061 -0.563 0.063 
1.129 0.067 -0.532 -0.272 -0.567 0.265 0.093 0.065 -0.108 -0.043 -0.064 
1.557 0.069 0.350 -0.131 0.127 -0.066 -0.334 0.468 0.080 -0.143 0.089 
1.756 -0.509 -0.223 -0.332 0.040 0.489 -0.486 -0.105 -0.120 -0.299 -0.015 
