Progesterone Data (Brumback and Rice 1998)
------------------------------------------
Acknowledgements:
These data were generously provided by 
              Professor Bill Lasley 
              bllasley@ucdavis.edu
  Departments of Population Health and Reproduction,
 School Vet. Med. and Obstetrics & Gynecology, School of Medicine
     Institute of Toxicology & Environmental Health
               Wildlife Health Center
           University of California, Davis
with the support of NIESH grant ESO 6198 
-------------------------------------------------------------------
Description:
Columns are
(1)Group (2)Subject (3)Cycle (4)Day (5)log(PDG) (6)missing
where
(1) Group indicates either 
       nonconceptive group (Group=0) or conceptive group (Group=1)
(2) Subject is a unique subject ID
(3) Cycle is a unique cycle ID
(4) Day indexes the day in a subject's cycle, ranging from -8 to 15 
      for each cycle (8 days pre-ovulation to 15 days post-ovulation) 
(5) log(PDG) is the natural logarithm of the progesterone metabolite
       PDG, measured by urinary hormone assay (note: if log(PDG) is missing,
        its value is set to zero) 
(6) missing indicates whether PDG is missing (not missing = 0, missing=1)
-------------------------------------------------------------------------
0 1 1 -8 -0.10651824 0 
0 1 1 -7 0.04606832 0 
0 1 1 -6 -0.02592671 0 
0 1 1 -5 -0.09207704 0 
0 1 1 -4 -0.05878623 0 
0 1 1 -3 -0.14683805 0 
0 1 1 -2 0.31639465 0 
0 1 1 -1 0.38676637 0 
0 1 1 0 0.21613959 0 
0 1 1 1 0.49649667 0 
0 1 1 2 0.74412508 0 
0 1 1 3 1.14207080 0 
0 1 1 4 1.46769922 0 
0 1 1 5 2.10771918 0 
0 1 1 6 2.43389387 0 
0 1 1 7 3.00657616 0 
0 1 1 8 2.97612922 0 
0 1 1 9 3.03166915 0 
0 1 1 10 2.75816422 0 
0 1 1 11 2.91728551 0 
0 1 1 12 2.77770041 0 
0 1 1 13 3.20467519 0 
0 1 1 14 2.86933860 0 
0 1 1 15 1.84179351 0 
0 1 2 -8 0.03937890 0 
0 1 2 -7 0.02524907 0 
0 1 2 -6 -0.09135068 0 
0 1 2 -5 -0.09943339 0 
0 1 2 -4 0.11442285 0 
0 1 2 -3 -0.46571285 0 
0 1 2 -2 -0.76397293 0 
0 1 2 -1 -0.58714501 0 
0 1 2 0 -0.04079081 0 
0 1 2 1 0.68487490 0 
0 1 2 2 1.10673486 0 
0 1 2 3 1.86691553 0 
0 1 2 4 2.12039111 0 
0 1 2 5 2.46329207 0 
0 1 2 6 3.01945983 0 
0 1 2 7 2.48979789 0 
0 1 2 8 2.23726811 0 
0 1 2 9 2.16093820 0 
0 1 2 10 2.02184035 0 
0 1 2 11 1.91288203 0 
0 1 2 12 2.01549218 0 
0 1 2 13 1.34042493 0 
0 1 2 14 0.60191639 0 
0 1 2 15 0.58235527 0 
0 1 3 -8 -0.37312243 0 
0 1 3 -7 -0.43550559 0 
0 1 3 -6 0.18171382 0 
0 1 3 -5 -0.19354675 0 
0 1 3 -4 -0.38403550 0 
0 1 3 -3 -0.44490874 0 
0 1 3 -2 0.19266326 0 
0 1 3 -1 0.04362131 0 
0 1 3 0 0.53091182 0 
0 1 3 1 0.71219693 0 
0 1 3 2 1.50723480 0 
0 1 3 3 1.65775746 0 
0 1 3 4 2.07076157 0 
0 1 3 5 2.78977950 0 
0 1 3 6 2.97944560 0 
0 1 3 7 3.56943065 0 
0 1 3 8 2.61183780 0 
0 1 3 9 2.57729846 0 
0 1 3 10 2.34645271 0 
0 1 3 11 2.69106228 0 
0 1 3 12 2.69255296 0 
0 1 3 13 2.09885157 0 
0 1 3 14 1.93871288 0 
0 1 3 15 1.93742844 0 
0 2 4 -8 -0.81723398 0 
0 2 4 -7 -0.82701162 0 
0 2 4 -6 -0.61499285 0 
0 2 4 -5 -1.34559113 0 
0 2 4 -4 -1.35250668 0 
0 2 4 -3 -0.83456635 0 
0 2 4 -2 -0.52064775 0 
0 2 4 -1 -0.77804747 0 
0 2 4 0 -0.33273185 0 
0 2 4 1 -0.19537972 0 
0 2 4 2 0.06462735 0 
0 2 4 3 0.57126279 0 
0 2 4 4 0.85602603 0 
0 2 4 5 1.19794967 0 
0 2 4 6 1.64863341 0 
0 2 4 7 1.57206780 0 
0 2 4 8 1.41767041 0 
0 2 4 9 1.53600760 0 
0 2 4 10 1.18928773 0 
0 2 4 11 1.28867194 0 
0 2 4 12 1.24439526 0 
0 2 4 13 0.68021678 0 
0 2 4 14 0.00000000 1 
0 2 4 15 0.00000000 1 
0 2 5 -8 -0.59309317 0 
0 2 5 -7 -0.42957118 0 
0 2 5 -6 -0.37738787 0 
0 2 5 -5 -0.54651232 0 
0 2 5 -4 -0.80171188 0 
0 2 5 -3 -0.82443972 0 
0 2 5 -2 -0.61497823 0 
0 2 5 -1 -0.62333047 0 
0 2 5 0 0.16700299 0 
0 2 5 1 0.38783580 0 
0 2 5 2 0.83566948 0 
0 2 5 3 0.97974345 0 
0 2 5 4 1.53008473 0 
0 2 5 5 1.57289713 0 
0 2 5 6 1.76458890 0 
0 2 5 7 1.86543645 0 
0 2 5 8 2.11527325 0 
0 2 5 9 1.86220340 0 
0 2 5 10 2.13982567 0 
0 2 5 11 1.84565530 0 
0 2 5 12 1.42835775 0 
0 2 5 13 1.12114458 0 
0 2 5 14 0.81188793 0 
0 2 5 15 0.00000000 1 
0 2 6 -8 -0.72269945 0 
0 2 6 -7 -0.57288166 0 
0 2 6 -6 -0.77523388 0 
0 2 6 -5 -1.01446619 0 
0 2 6 -4 -0.66984032 0 
0 2 6 -3 -0.68478690 0 
0 2 6 -2 -0.84592083 0 
0 2 6 -1 0.00000000 1 
0 2 6 0 -0.60479759 0 
0 2 6 1 0.11840972 0 
0 2 6 2 0.40855113 0 
0 2 6 3 0.69370581 0 
0 2 6 4 1.19445985 0 
0 2 6 5 1.65652721 0 
0 2 6 6 1.72952677 0 
0 2 6 7 1.88734898 0 
0 2 6 8 1.69739748 0 
0 2 6 9 1.93726720 0 
0 2 6 10 1.61263453 0 
0 2 6 11 1.58579238 0 
0 2 6 12 1.15748931 0 
0 2 6 13 1.28550073 0 
0 2 6 14 0.58107786 0 
0 2 6 15 0.00000000 1 
0 3 7 -8 -0.90585430 0 
0 3 7 -7 -0.50394040 0 
0 3 7 -6 -0.49673749 0 
0 3 7 -5 -0.96926091 0 
0 3 7 -4 -0.69905811 0 
0 3 7 -3 -0.18970018 0 
0 3 7 -2 -0.20586249 0 
0 3 7 -1 0.06274719 0 
0 3 7 0 0.10665583 0 
0 3 7 1 0.62679119 0 
0 3 7 2 0.70418957 0 
0 3 7 3 1.41776820 0 
0 3 7 4 1.77128213 0 
0 3 7 5 2.09421605 0 
0 3 7 6 1.91853358 0 
0 3 7 7 1.87884365 0 
0 3 7 8 1.82477159 0 
0 3 7 9 1.24088473 0 
0 3 7 10 1.55322959 0 
0 3 7 11 1.38231821 0 
0 3 7 12 0.90422289 0 
0 3 7 13 0.00000000 1 
0 3 7 14 0.00000000 1 
0 3 7 15 0.00000000 1 
0 3 8 -8 -0.52080669 0 
0 3 8 -7 0.18506806 0 
0 3 8 -6 0.15180238 0 
0 3 8 -5 0.34045211 0 
0 3 8 -4 -0.01250485 0 
0 3 8 -3 0.00390491 0 
0 3 8 -2 -0.16029530 0 
0 3 8 -1 0.42102962 0 
0 3 8 0 0.44240077 0 
0 3 8 1 0.56436125 0 
0 3 8 2 0.00000000 1 
0 3 8 3 1.91458111 0 
0 3 8 4 2.27598941 0 
0 3 8 5 2.04563007 0 
0 3 8 6 2.25903597 0 
0 3 8 7 1.71879890 0 
0 3 8 8 2.01121919 0 
0 3 8 9 0.00000000 1 
0 3 8 10 1.43369128 0 
0 3 8 11 1.33159110 0 
0 3 8 12 2.33240639 0 
0 3 8 13 1.70355892 0 
0 3 8 14 1.45987845 0 
0 3 8 15 0.00000000 1 
0 3 9 -8 0.24319091 0 
0 3 9 -7 0.01702169 0 
0 3 9 -6 -0.06415619 0 
0 3 9 -5 0.05858190 0 
0 3 9 -4 0.11408369 0 
0 3 9 -3 -0.33983819 0 
0 3 9 -2 -0.35119548 0 
0 3 9 -1 -0.28998711 0 
0 3 9 0 0.24841246 0 
0 3 9 1 0.10427128 0 
0 3 9 2 1.36950834 0 
0 3 9 3 1.61628939 0 
0 3 9 4 2.16443475 0 
0 3 9 5 2.30381890 0 
0 3 9 6 2.13611489 0 
0 3 9 7 2.44006872 0 
0 3 9 8 1.96207604 0 
0 3 9 9 2.04794032 0 
0 3 9 10 1.66144270 0 
0 3 9 11 1.42605438 0 
0 3 9 12 1.03906799 0 
0 3 9 13 0.00000000 1 
0 3 9 14 0.00000000 1 
0 3 9 15 0.00000000 1 
0 3 10 -8 0.34051377 0 
0 3 10 -7 -0.14945792 0 
0 3 10 -6 0.43132751 0 
0 3 10 -5 0.12749687 0 
0 3 10 -4 0.33511262 0 
0 3 10 -3 0.29687686 0 
0 3 10 -2 0.26139621 0 
0 3 10 -1 -0.00906711 0 
0 3 10 0 0.64124364 0 
0 3 10 1 1.11533109 0 
0 3 10 2 -1.02961942 0 
0 3 10 3 1.58538457 0 
0 3 10 4 1.98053747 0 
0 3 10 5 2.58664069 0 
0 3 10 6 2.65721494 0 
0 3 10 7 2.14211945 0 
0 3 10 8 2.70215048 0 
0 3 10 9 2.07244772 0 
0 3 10 10 1.48142697 0 
0 3 10 11 2.00476038 0 
0 3 10 12 1.45834214 0 
0 3 10 13 0.00000000 1 
0 3 10 14 0.00000000 1 
0 3 10 15 0.00000000 1 
0 4 11 -8 -1.41923317 0 
0 4 11 -7 -1.76328780 0 
0 4 11 -6 -1.34167377 0 
0 4 11 -5 -0.94283150 0 
0 4 11 -4 -1.47784097 0 
0 4 11 -3 0.00000000 1 
0 4 11 -2 0.00000000 1 
0 4 11 -1 -1.13023220 0 
0 4 11 0 0.00000000 1 
0 4 11 1 0.00000000 1 
0 4 11 2 0.47174776 0 
0 4 11 3 1.35955344 0 
0 4 11 4 1.86030693 0 
0 4 11 5 1.79839687 0 
0 4 11 6 1.85889783 0 
0 4 11 7 2.01079777 0 
0 4 11 8 2.49411722 0 
0 4 11 9 1.91715844 0 
0 4 11 10 1.41369136 0 
0 4 11 11 2.08261339 0 
0 4 11 12 1.40119188 0 
0 4 11 13 0.49158729 0 
0 4 11 14 0.29759690 0 
0 4 11 15 -0.36566726 0 
0 5 12 -8 -0.46226330 0 
0 5 12 -7 -0.46952422 0 
0 5 12 -6 -0.62434003 0 
0 5 12 -5 -0.58321964 0 
0 5 12 -4 -0.63916610 0 
0 5 12 -3 -0.45179209 0 
0 5 12 -2 -0.90676336 0 
0 5 12 -1 -0.68673984 0 
0 5 12 0 -0.39031102 0 
0 5 12 1 0.00000000 1 
0 5 12 2 0.57585976 0 
0 5 12 3 0.74313219 0 
0 5 12 4 1.26557214 0 
0 5 12 5 1.54046101 0 
0 5 12 6 1.72396545 0 
0 5 12 7 1.87224982 0 
0 5 12 8 1.84544258 0 
0 5 12 9 0.00000000 1 
0 5 12 10 2.01146998 0 
0 5 12 11 0.00000000 1 
0 5 12 12 0.00000000 1 
0 5 12 13 1.38855594 0 
0 5 12 14 0.00000000 1 
0 5 12 15 0.00000000 1 
0 6 13 -8 0.23203722 0 
0 6 13 -7 -1.57370751 0 
0 6 13 -6 -0.76900883 0 
0 6 13 -5 -1.76146441 0 
0 6 13 -4 -1.78253895 0 
0 6 13 -3 0.00000000 1 
0 6 13 -2 -1.79187967 0 
0 6 13 -1 -1.26324743 0 
0 6 13 0 -0.50512158 0 
0 6 13 1 -0.25074006 0 
0 6 13 2 0.39816287 0 
0 6 13 3 0.19905852 0 
0 6 13 4 0.44194041 0 
0 6 13 5 1.05586178 0 
0 6 13 6 1.47352028 0 
0 6 13 7 1.51953814 0 
0 6 13 8 1.34222818 0 
0 6 13 9 1.41887114 0 
0 6 13 10 0.90590364 0 
0 6 13 11 1.25874019 0 
0 6 13 12 0.52453518 0 
0 6 13 13 0.12724387 0 
0 6 13 14 0.00000000 1 
0 6 13 15 0.00000000 1 
0 6 14 -8 -1.05205289 0 
0 6 14 -7 -1.40879266 0 
0 6 14 -6 -0.86894799 0 
0 6 14 -5 -1.62312060 0 
0 6 14 -4 -1.45970455 0 
0 6 14 -3 -1.58734695 0 
0 6 14 -2 -1.34012777 0 
0 6 14 -1 -1.26893282 0 
0 6 14 0 -1.76470841 0 
0 6 14 1 0.00000000 1 
0 6 14 2 -1.55369100 0 
0 6 14 3 -1.39522869 0 
0 6 14 4 0.21655473 0 
0 6 14 5 0.31990320 0 
0 6 14 6 0.92122727 0 
0 6 14 7 1.32777883 0 
0 6 14 8 0.97731562 0 
0 6 14 9 0.83875744 0 
0 6 14 10 1.21672694 0 
0 6 14 11 1.36594112 0 
0 6 14 12 1.25715006 0 
0 6 14 13 0.86856812 0 
0 6 14 14 0.56671266 0 
0 6 14 15 0.28496626 0 
0 7 15 -8 -1.85516178 0 
0 7 15 -7 -1.88481715 0 
0 7 15 -6 -1.62769527 0 
0 7 15 -5 -1.60738828 0 
0 7 15 -4 -2.16978725 0 
0 7 15 -3 -1.88732462 0 
0 7 15 -2 -1.39322490 0 
0 7 15 -1 -2.28708091 0 
0 7 15 0 -1.15003035 0 
0 7 15 1 -0.70760983 0 
0 7 15 2 -0.40476163 0 
0 7 15 3 0.21755998 0 
0 7 15 4 0.74778436 0 
0 7 15 5 0.77687614 0 
0 7 15 6 0.69496151 0 
0 7 15 7 1.05605267 0 
0 7 15 8 1.07707353 0 
0 7 15 9 0.95541620 0 
0 7 15 10 -0.03706121 0 
0 7 15 11 -1.06875435 0 
0 7 15 12 -1.46984852 0 
0 7 15 13 0.00000000 1 
0 7 15 14 0.00000000 1 
0 7 15 15 0.00000000 1 
0 7 16 -8 -1.86853432 0 
0 7 16 -7 -1.90051557 0 
0 7 16 -6 -1.76549975 0 
0 7 16 -5 -1.22004021 0 
0 7 16 -4 -2.25950151 0 
0 7 16 -3 -2.04325261 0 
0 7 16 -2 -2.02178474 0 
0 7 16 -1 -2.19153338 0 
0 7 16 0 -1.52099330 0 
0 7 16 1 -0.87821994 0 
0 7 16 2 -0.48588894 0 
0 7 16 3 0.14484225 0 
0 7 16 4 -0.11639740 0 
0 7 16 5 0.79327570 0 
0 7 16 6 0.56425714 0 
0 7 16 7 0.85909673 0 
0 7 16 8 0.62039760 0 
0 7 16 9 1.26596708 0 
0 7 16 10 0.25576499 0 
0 7 16 11 0.27851103 0 
0 7 16 12 -0.04300849 0 
0 7 16 13 0.00000000 1 
0 7 16 14 0.00000000 1 
0 7 16 15 0.00000000 1 
0 7 17 -8 -1.62900392 0 
0 7 17 -7 -1.18633913 0 
0 7 17 -6 -1.66682540 0 
0 7 17 -5 -1.64559206 0 
0 7 17 -4 -1.16504389 0 
0 7 17 -3 -1.80402206 0 
0 7 17 -2 -2.19731546 0 
0 7 17 -1 -2.17571928 0 
0 7 17 0 -1.51316352 0 
0 7 17 1 -0.87935635 0 
0 7 17 2 -0.23414995 0 
0 7 17 3 -0.61636490 0 
0 7 17 4 -1.03085475 0 
0 7 17 5 0.34288554 0 
0 7 17 6 0.35521373 0 
0 7 17 7 -0.60364390 0 
0 7 17 8 -0.55872093 0 
0 7 17 9 0.32319252 0 
0 7 17 10 -0.64950337 0 
0 7 17 11 -1.61022985 0 
0 7 17 12 0.01673762 0 
0 7 17 13 -0.15778292 0 
0 7 17 14 -1.28334639 0 
0 7 17 15 -1.59566143 0 
0 7 18 -8 -2.78106335 0 
0 7 18 -7 -2.26474355 0 
0 7 18 -6 -2.35597619 0 
0 7 18 -5 -3.38325968 0 
0 7 18 -4 -2.68442922 0 
0 7 18 -3 0.00000000 1 
0 7 18 -2 -1.95772015 0 
0 7 18 -1 -2.06384434 0 
0 7 18 0 -1.51399995 0 
0 7 18 1 -0.45744573 0 
0 7 18 2 -0.61347666 0 
0 7 18 3 0.44505431 0 
0 7 18 4 0.61776702 0 
0 7 18 5 -1.05010220 0 
0 7 18 6 -1.64347796 0 
0 7 18 7 -0.19110582 0 
0 7 18 8 -2.19158645 0 
0 7 18 9 -2.52621338 0 
0 7 18 10 0.88595572 0 
0 7 18 11 0.25449125 0 
0 7 18 12 0.00000000 1 
0 7 18 13 0.00000000 1 
0 7 18 14 0.00000000 1 
0 7 18 15 0.00000000 1 
0 7 19 -8 -2.90072167 0 
0 7 19 -7 -0.81927996 0 
0 7 19 -6 -1.31824090 0 
0 7 19 -5 -1.28733809 0 
0 7 19 -4 -1.31547436 0 
0 7 19 -3 -1.10872683 0 
0 7 19 -2 -1.04093081 0 
0 7 19 -1 -0.77582078 0 
0 7 19 0 -0.66689292 0 
0 7 19 1 -0.17668841 0 
0 7 19 2 0.74222173 0 
0 7 19 3 0.68045307 0 
0 7 19 4 1.05646813 0 
0 7 19 5 1.90053031 0 
0 7 19 6 2.13845711 0 
0 7 19 7 2.08374104 0 
0 7 19 8 2.58320293 0 
0 7 19 9 2.53750652 0 
0 7 19 10 2.21819938 0 
0 7 19 11 1.96950705 0 
0 7 19 12 1.41546862 0 
0 7 19 13 1.05393160 0 
0 7 19 14 0.06119818 0 
0 7 19 15 0.00000000 1 
0 8 20 -8 0.00000000 1 
0 8 20 -7 -2.23796180 0 
0 8 20 -6 -2.85402399 0 
0 8 20 -5 -2.81511256 0 
0 8 20 -4 -2.38549671 0 
0 8 20 -3 -2.62284976 0 
0 8 20 -2 -2.26239194 0 
0 8 20 -1 -2.99519449 0 
0 8 20 0 -3.27048388 0 
0 8 20 1 -1.71957294 0 
0 8 20 2 -1.68370352 0 
0 8 20 3 -1.09258127 0 
0 8 20 4 -0.11821080 0 
0 8 20 5 0.70759868 0 
0 8 20 6 -0.21248518 0 
0 8 20 7 0.10317446 0 
0 8 20 8 0.39492575 0 
0 8 20 9 0.17497678 0 
0 8 20 10 -3.10808442 0 
0 8 20 11 0.27336084 0 
0 8 20 12 0.23946422 0 
0 8 20 13 -0.09373662 0 
0 8 20 14 -0.24351765 0 
0 8 20 15 0.00000000 1 
0 9 21 -8 -0.59463358 0 
0 9 21 -7 -0.54192115 0 
0 9 21 -6 -0.27167362 0 
0 9 21 -5 -0.66848553 0 
0 9 21 -4 -0.60678233 0 
0 9 21 -3 -0.71557035 0 
0 9 21 -2 -0.13621659 0 
0 9 21 -1 -0.44123566 0 
0 9 21 0 -0.46754512 0 
0 9 21 1 -0.12495121 0 
0 9 21 2 -0.06199383 0 
0 9 21 3 0.80850015 0 
0 9 21 4 1.53430104 0 
0 9 21 5 1.73140796 0 
0 9 21 6 1.91476923 0 
0 9 21 7 1.99263027 0 
0 9 21 8 1.87048428 0 
0 9 21 9 1.32440835 0 
0 9 21 10 1.31419743 0 
0 9 21 11 1.49036217 0 
0 9 21 12 1.48550357 0 
0 9 21 13 0.72529669 0 
0 9 21 14 0.00000000 1 
0 9 21 15 0.00000000 1 
0 10 22 -8 -0.23058551 0 
0 10 22 -7 0.83479770 0 
0 10 22 -6 -0.66175094 0 
0 10 22 -5 -0.74827062 0 
0 10 22 -4 -0.66433791 0 
0 10 22 -3 -1.99947245 0 
0 10 22 -2 -3.95639111 0 
0 10 22 -1 -0.80227204 0 
0 10 22 0 -2.59690780 0 
0 10 22 1 -2.62617143 0 
0 10 22 2 -1.41301698 0 
0 10 22 3 0.38692797 0 
0 10 22 4 0.39722139 0 
0 10 22 5 0.60320109 0 
0 10 22 6 0.72616128 0 
0 10 22 7 1.02049586 0 
0 10 22 8 1.02633677 0 
0 10 22 9 -0.56598163 0 
0 10 22 10 1.21459016 0 
0 10 22 11 1.00775736 0 
0 10 22 12 -1.90188430 0 
0 10 22 13 -1.81743062 0 
0 10 22 14 0.76819493 0 
0 10 22 15 0.00000000 1 
0 11 23 -8 -0.42068907 0 
0 11 23 -7 0.00000000 1 
0 11 23 -6 -0.25433284 0 
0 11 23 -5 -0.86615994 0 
0 11 23 -4 -0.49989191 0 
0 11 23 -3 -0.25632787 0 
0 11 23 -2 0.12489593 0 
0 11 23 -1 0.09210027 0 
0 11 23 0 0.00000000 1 
0 11 23 1 0.35554405 0 
0 11 23 2 0.77560391 0 
0 11 23 3 1.91230243 0 
0 11 23 4 1.85817186 0 
0 11 23 5 2.08511430 0 
0 11 23 6 0.00000000 1 
0 11 23 7 2.92389532 0 
0 11 23 8 0.00000000 1 
0 11 23 9 2.65839505 0 
0 11 23 10 2.10790533 0 
0 11 23 11 0.00000000 1 
0 11 23 12 1.98188900 0 
0 11 23 13 0.00000000 1 
0 11 23 14 0.00000000 1 
0 11 23 15 0.00000000 1 
0 11 24 -8 -0.45258358 0 
0 11 24 -7 -0.74752060 0 
0 11 24 -6 -0.84352541 0 
0 11 24 -5 -0.17848278 0 
0 11 24 -4 -0.62907921 0 
0 11 24 -3 -0.50045280 0 
0 11 24 -2 -1.10466165 0 
0 11 24 -1 -0.51726167 0 
0 11 24 0 -0.01380376 0 
0 11 24 1 0.15009193 0 
0 11 24 2 0.55782663 0 
0 11 24 3 1.77166941 0 
0 11 24 4 0.00000000 1 
0 11 24 5 0.00000000 1 
0 11 24 6 0.00000000 1 
0 11 24 7 0.00000000 1 
0 11 24 8 0.00000000 1 
0 11 24 9 0.00000000 1 
0 11 24 10 0.00000000 1 
0 11 24 11 0.00000000 1 
0 11 24 12 0.00000000 1 
0 11 24 13 0.00000000 1 
0 11 24 14 0.00000000 1 
0 11 24 15 0.00000000 1 
0 11 25 -8 -0.28579437 0 
0 11 25 -7 -0.60287162 0 
0 11 25 -6 -0.68056048 0 
0 11 25 -5 -0.58733597 0 
0 11 25 -4 -0.34522211 0 
0 11 25 -3 -0.35773543 0 
0 11 25 -2 -0.27902401 0 
0 11 25 -1 -0.22155861 0 
0 11 25 0 0.82401375 0 
0 11 25 1 0.31235113 0 
0 11 25 2 0.66243384 0 
0 11 25 3 1.63572803 0 
0 11 25 4 2.49181611 0 
0 11 25 5 1.96566141 0 
0 11 25 6 2.65271999 0 
0 11 25 7 1.39382263 0 
0 11 25 8 2.52011337 0 
0 11 25 9 2.39689152 0 
0 11 25 10 2.57661125 0 
0 11 25 11 1.94012657 0 
0 11 25 12 1.58333677 0 
0 11 25 13 0.00000000 1 
0 11 25 14 0.00000000 1 
0 11 25 15 0.00000000 1 
0 11 26 -8 -0.48270858 0 
0 11 26 -7 -0.42449081 0 
0 11 26 -6 -0.42905148 0 
0 11 26 -5 -0.63178393 0 
0 11 26 -4 -0.61752417 0 
0 11 26 -3 -0.72131386 0 
0 11 26 -2 -0.40178673 0 
0 11 26 -1 -0.48178710 0 
0 11 26 0 -0.00398566 0 
0 11 26 1 0.15251351 0 
0 11 26 2 0.70377084 0 
0 11 26 3 1.30227665 0 
0 11 26 4 2.12392495 0 
0 11 26 5 2.23578957 0 
0 11 26 6 2.30202291 0 
0 11 26 7 2.25680410 0 
0 11 26 8 2.04290896 0 
0 11 26 9 2.40213857 0 
0 11 26 10 2.18963850 0 
0 11 26 11 1.85625374 0 
0 11 26 12 1.66350513 0 
0 11 26 13 1.27779441 0 
0 11 26 14 0.00000000 1 
0 11 26 15 0.00000000 1 
0 11 27 -8 0.35985962 0 
0 11 27 -7 0.37644198 0 
0 11 27 -6 0.69530327 0 
0 11 27 -5 0.86056450 0 
0 11 27 -4 0.97633981 0 
0 11 27 -3 0.90093978 0 
0 11 27 -2 0.75178616 0 
0 11 27 -1 1.05118740 0 
0 11 27 0 1.73425767 0 
0 11 27 1 1.21238144 0 
0 11 27 2 2.46840060 0 
0 11 27 3 2.94030213 0 
0 11 27 4 3.30544066 0 
0 11 27 5 3.57943990 0 
0 11 27 6 3.72763078 0 
0 11 27 7 3.65340548 0 
0 11 27 8 3.70746038 0 
0 11 27 9 3.19062649 0 
0 11 27 10 3.15634622 0 
0 11 27 11 3.29396963 0 
0 11 27 12 2.91863751 0 
0 11 27 13 2.74490681 0 
0 11 27 14 0.00000000 1 
0 11 27 15 0.00000000 1 
0 12 28 -8 -0.81794239 0 
0 12 28 -7 -0.41984663 0 
0 12 28 -6 -0.66554285 0 
0 12 28 -5 -1.01323243 0 
0 12 28 -4 -1.25406595 0 
0 12 28 -3 -1.02969284 0 
0 12 28 -2 -1.08013185 0 
0 12 28 -1 -0.93725862 0 
0 12 28 0 -0.73959320 0 
0 12 28 1 -0.56968311 0 
0 12 28 2 -0.71133506 0 
0 12 28 3 0.11398620 0 
0 12 28 4 0.78023908 0 
0 12 28 5 0.87579062 0 
0 12 28 6 0.79369853 0 
0 12 28 7 1.22135416 0 
0 12 28 8 1.73084408 0 
0 12 28 9 1.51528700 0 
0 12 28 10 1.27223352 0 
0 12 28 11 1.25945824 0 
0 12 28 12 0.86294909 0 
0 12 28 13 0.34942490 0 
0 12 28 14 0.00000000 1 
0 12 28 15 0.00000000 1 
0 12 29 -8 0.03872365 0 
0 12 29 -7 0.46546420 0 
0 12 29 -6 0.71045041 0 
0 12 29 -5 -0.19136011 0 
0 12 29 -4 0.49123968 0 
0 12 29 -3 0.13106077 0 
0 12 29 -2 0.07401170 0 
0 12 29 -1 0.28089385 0 
0 12 29 0 0.33255514 0 
0 12 29 1 0.82769755 0 
0 12 29 2 1.40920415 0 
0 12 29 3 1.66443102 0 
0 12 29 4 1.48041732 0 
0 12 29 5 2.04669573 0 
0 12 29 6 2.02963386 0 
0 12 29 7 2.51994487 0 
0 12 29 8 2.54037634 0 
0 12 29 9 2.28331678 0 
0 12 29 10 2.35629134 0 
0 12 29 11 2.17937018 0 
0 12 29 12 2.32096950 0 
0 12 29 13 1.72118097 0 
0 12 29 14 1.43411361 0 
0 12 29 15 0.00000000 1 
0 13 30 -8 0.65473231 0 
0 13 30 -7 0.90801321 0 
0 13 30 -6 0.40428523 0 
0 13 30 -5 -0.11019010 0 
0 13 30 -4 0.68345570 0 
0 13 30 -3 0.70560051 0 
0 13 30 -2 -0.07721242 0 
0 13 30 -1 0.71965188 0 
0 13 30 0 1.08423245 0 
0 13 30 1 1.12061085 0 
0 13 30 2 1.55310974 0 
0 13 30 3 2.40734316 0 
0 13 30 4 3.36015799 0 
0 13 30 5 3.17974348 0 
0 13 30 6 2.91977899 0 
0 13 30 7 0.00000000 1 
0 13 30 8 3.25682106 0 
0 13 30 9 3.36538111 0 
0 13 30 10 3.42247552 0 
0 13 30 11 3.48453237 0 
0 13 30 12 2.60570849 0 
0 13 30 13 2.24145809 0 
0 13 30 14 0.00000000 1 
0 13 30 15 0.00000000 1 
0 13 31 -8 0.05806946 0 
0 13 31 -7 -0.27029033 0 
0 13 31 -6 -0.94297027 0 
0 13 31 -5 -0.16682300 0 
0 13 31 -4 -0.46705515 0 
0 13 31 -3 -0.33682666 0 
0 13 31 -2 -0.72891249 0 
0 13 31 -1 -0.88416265 0 
0 13 31 0 -0.25412582 0 
0 13 31 1 0.27512508 0 
0 13 31 2 -0.81721684 0 
0 13 31 3 0.64864607 0 
0 13 31 4 2.39564909 0 
0 13 31 5 2.04294056 0 
0 13 31 6 1.87470537 0 
0 13 31 7 1.15337336 0 
0 13 31 8 2.27763637 0 
0 13 31 9 2.32785908 0 
0 13 31 10 2.03629490 0 
0 13 31 11 1.84035877 0 
0 13 31 12 1.37015563 0 
0 13 31 13 -0.02119410 0 
0 13 31 14 0.00000000 1 
0 13 31 15 0.00000000 1 
0 14 32 -8 -0.07521539 0 
0 14 32 -7 0.00000000 1 
0 14 32 -6 -0.25569928 0 
0 14 32 -5 -0.16213657 0 
0 14 32 -4 -0.05721228 0 
0 14 32 -3 -0.17721014 0 
0 14 32 -2 0.20859581 0 
0 14 32 -1 -0.24354370 0 
0 14 32 0 1.14089398 0 
0 14 32 1 1.16544129 0 
0 14 32 2 2.14624710 0 
0 14 32 3 2.31242124 0 
0 14 32 4 2.32085385 0 
0 14 32 5 2.85263880 0 
0 14 32 6 3.19461946 0 
0 14 32 7 3.27053900 0 
0 14 32 8 2.81622890 0 
0 14 32 9 2.99735375 0 
0 14 32 10 3.32267814 0 
0 14 32 11 3.00889321 0 
0 14 32 12 2.61513262 0 
0 14 32 13 2.41012876 0 
0 14 32 14 2.35583377 0 
0 14 32 15 0.00000000 1 
0 15 33 -8 -0.46505566 0 
0 15 33 -7 -0.81146844 0 
0 15 33 -6 -0.92936435 0 
0 15 33 -5 -1.56254415 0 
0 15 33 -4 -1.59050619 0 
0 15 33 -3 -4.53554970 0 
0 15 33 -2 -1.16666469 0 
0 15 33 -1 -1.43136115 0 
0 15 33 0 -2.13545195 0 
0 15 33 1 0.00000000 1 
0 15 33 2 0.00000000 1 
0 15 33 3 0.00000000 1 
0 15 33 4 0.00000000 1 
0 15 33 5 0.00000000 1 
0 15 33 6 0.00000000 1 
0 15 33 7 0.00000000 1 
0 15 33 8 0.00000000 1 
0 15 33 9 0.00000000 1 
0 15 33 10 0.00000000 1 
0 15 33 11 0.00000000 1 
0 15 33 12 0.00000000 1 
0 15 33 13 0.00000000 1 
0 15 33 14 0.00000000 1 
0 15 33 15 0.00000000 1 
0 15 34 -8 0.00000000 1 
0 15 34 -7 0.00000000 1 
0 15 34 -6 0.34051960 0 
0 15 34 -5 0.24700519 0 
0 15 34 -4 0.68032518 0 
0 15 34 -3 -0.15152666 0 
0 15 34 -2 -0.26383672 0 
0 15 34 -1 1.46509199 0 
0 15 34 0 0.74478288 0 
0 15 34 1 1.18057916 0 
0 15 34 2 1.51867707 0 
0 15 34 3 2.27082395 0 
0 15 34 4 2.25009713 0 
0 15 34 5 3.02211701 0 
0 15 34 6 3.11809531 0 
0 15 34 7 3.17410447 0 
0 15 34 8 3.43556927 0 
0 15 34 9 3.41996906 0 
0 15 34 10 3.18899266 0 
0 15 34 11 3.49441889 0 
0 15 34 12 3.34450276 0 
0 15 34 13 2.84045385 0 
0 15 34 14 2.64252571 0 
0 15 34 15 2.24849083 0 
0 15 35 -8 -0.50026722 0 
0 15 35 -7 -0.91154500 0 
0 15 35 -6 -0.97320695 0 
0 15 35 -5 -0.85899694 0 
0 15 35 -4 -0.84416870 0 
0 15 35 -3 -1.06739043 0 
0 15 35 -2 -0.59194468 0 
0 15 35 -1 -0.66266391 0 
0 15 35 0 -0.22063199 0 
0 15 35 1 -0.01705658 0 
0 15 35 2 0.66087812 0 
0 15 35 3 1.20759387 0 
0 15 35 4 1.60753722 0 
0 15 35 5 1.68111579 0 
0 15 35 6 1.83028916 0 
0 15 35 7 2.19451196 0 
0 15 35 8 1.77806549 0 
0 15 35 9 1.95101924 0 
0 15 35 10 2.25969654 0 
0 15 35 11 2.17599254 0 
0 15 35 12 1.82161150 0 
0 15 35 13 1.74883780 0 
0 15 35 14 1.03112557 0 
0 15 35 15 0.00000000 1 
0 15 36 -8 -1.13757167 0 
0 15 36 -7 -1.33198209 0 
0 15 36 -6 -1.23721510 0 
0 15 36 -5 -0.57510967 0 
0 15 36 -4 -0.24579895 0 
0 15 36 -3 -0.92955361 0 
0 15 36 -2 -1.03467752 0 
0 15 36 -1 -0.77024258 0 
0 15 36 0 -0.37668958 0 
0 15 36 1 -0.12451451 0 
0 15 36 2 0.31790735 0 
0 15 36 3 1.03009347 0 
0 15 36 4 1.40091433 0 
0 15 36 5 1.53889727 0 
0 15 36 6 1.61634658 0 
0 15 36 7 1.84636841 0 
0 15 36 8 1.80923068 0 
0 15 36 9 1.77110362 0 
0 15 36 10 1.40471240 0 
0 15 36 11 1.40615498 0 
0 15 36 12 1.02262857 0 
0 15 36 13 1.11022927 0 
0 15 36 14 0.72763966 0 
0 15 36 15 0.74642683 0 
0 15 37 -8 -0.73194020 0 
0 15 37 -7 -0.81333481 0 
0 15 37 -6 -2.94466954 0 
0 15 37 -5 -2.30716444 0 
0 15 37 -4 0.00000000 1 
0 15 37 -3 -2.04095293 0 
0 15 37 -2 -3.31364018 0 
0 15 37 -1 -3.41443318 0 
0 15 37 0 -3.19334075 0 
0 15 37 1 -0.13507539 0 
0 15 37 2 0.36076591 0 
0 15 37 3 0.99427968 0 
0 15 37 4 1.42915752 0 
0 15 37 5 1.32153106 0 
0 15 37 6 1.71091578 0 
0 15 37 7 1.57124095 0 
0 15 37 8 1.95757820 0 
0 15 37 9 1.76632429 0 
0 15 37 10 1.43188531 0 
0 15 37 11 1.31200689 0 
0 15 37 12 1.52976343 0 
0 15 37 13 1.59171061 0 
0 15 37 14 0.26040440 0 
0 15 37 15 0.00000000 1 
0 16 38 -8 -1.09638014 0 
0 16 38 -7 -1.02835706 0 
0 16 38 -6 -0.92631688 0 
0 16 38 -5 -0.20573213 0 
0 16 38 -4 -0.56909453 0 
0 16 38 -3 -0.11921868 0 
0 16 38 -2 -0.09866199 0 
0 16 38 -1 0.06345317 0 
0 16 38 0 0.57858314 0 
0 16 38 1 1.10613178 0 
0 16 38 2 0.86726271 0 
0 16 38 3 1.50953633 0 
0 16 38 4 1.47285853 0 
0 16 38 5 1.49012600 0 
0 16 38 6 2.09420388 0 
0 16 38 7 2.29022724 0 
0 16 38 8 1.70111038 0 
0 16 38 9 1.99463504 0 
0 16 38 10 1.33873184 0 
0 16 38 11 1.37460319 0 
0 16 38 12 0.22385963 0 
0 16 38 13 0.06538484 0 
0 16 38 14 -0.15690653 0 
0 16 38 15 0.11670224 0 
0 17 39 -8 0.00000000 1 
0 17 39 -7 0.53691500 0 
0 17 39 -6 0.41545413 0 
0 17 39 -5 0.51129063 0 
0 17 39 -4 0.71599034 0 
0 17 39 -3 0.75272910 0 
0 17 39 -2 0.72878078 0 
0 17 39 -1 0.72239442 0 
0 17 39 0 1.28473401 0 
0 17 39 1 1.07990269 0 
0 17 39 2 1.09221043 0 
0 17 39 3 1.41096791 0 
0 17 39 4 1.78771281 0 
0 17 39 5 2.00876753 0 
0 17 39 6 2.08338555 0 
0 17 39 7 2.33384319 0 
0 17 39 8 2.41848767 0 
0 17 39 9 2.36128898 0 
0 17 39 10 2.53124675 0 
0 17 39 11 2.33763220 0 
0 17 39 12 1.84214192 0 
0 17 39 13 1.95371830 0 
0 17 39 14 1.47327641 0 
0 17 39 15 0.00000000 1 
0 17 40 -8 0.77305130 0 
0 17 40 -7 1.07294507 0 
0 17 40 -6 0.91392567 0 
0 17 40 -5 0.95588120 0 
0 17 40 -4 1.13505737 0 
0 17 40 -3 1.17031693 0 
0 17 40 -2 1.02794718 0 
0 17 40 -1 0.94689911 0 
0 17 40 0 1.26049106 0 
0 17 40 1 1.32718744 0 
0 17 40 2 1.85326683 0 
0 17 40 3 1.95800154 0 
0 17 40 4 2.27517626 0 
0 17 40 5 2.02547723 0 
0 17 40 6 2.58303205 0 
0 17 40 7 2.41959616 0 
0 17 40 8 2.41992897 0 
0 17 40 9 2.43331501 0 
0 17 40 10 2.52572864 0 
0 17 40 11 2.31286066 0 
0 17 40 12 1.84079998 0 
0 17 40 13 1.93842882 0 
0 17 40 14 0.95310809 0 
0 17 40 15 0.00000000 1 
0 17 41 -8 0.45804596 0 
0 17 41 -7 0.51478972 0 
0 17 41 -6 0.65790579 0 
0 17 41 -5 -0.06014252 0 
0 17 41 -4 0.09885569 0 
0 17 41 -3 0.46905621 0 
0 17 41 -2 0.26306421 0 
0 17 41 -1 -0.03157918 0 
0 17 41 0 0.54869590 0 
0 17 41 1 0.53891375 0 
0 17 41 2 0.98967706 0 
0 17 41 3 1.79098136 0 
0 17 41 4 2.22452443 0 
0 17 41 5 1.84750145 0 
0 17 41 6 1.92020128 0 
0 17 41 7 1.89233535 0 
0 17 41 8 2.03251036 0 
0 17 41 9 2.52262908 0 
0 17 41 10 2.47203871 0 
0 17 41 11 2.35376049 0 
0 17 41 12 1.70161975 0 
0 17 41 13 1.61693404 0 
0 17 41 14 1.18017196 0 
0 17 41 15 0.00000000 1 
0 18 42 -8 -0.98486458 0 
0 18 42 -7 -1.59145925 0 
0 18 42 -6 -1.19222473 0 
0 18 42 -5 -1.52278538 0 
0 18 42 -4 -1.17040023 0 
0 18 42 -3 -1.52429114 0 
0 18 42 -2 -1.84195072 0 
0 18 42 -1 -1.27268738 0 
0 18 42 0 -0.26398399 0 
0 18 42 1 0.06409053 0 
0 18 42 2 0.45231702 0 
0 18 42 3 0.99432618 0 
0 18 42 4 1.83800750 0 
0 18 42 5 1.33195435 0 
0 18 42 6 1.99908041 0 
0 18 42 7 1.50003065 0 
0 18 42 8 1.55542819 0 
0 18 42 9 1.35248996 0 
0 18 42 10 1.17669165 0 
0 18 42 11 1.06373253 0 
0 18 42 12 1.08467271 0 
0 18 42 13 0.00000000 1 
0 18 42 14 0.00000000 1 
0 18 42 15 0.00000000 1 
0 18 43 -8 -0.92938823 0 
0 18 43 -7 -0.76300533 0 
0 18 43 -6 -0.78983052 0 
0 18 43 -5 -1.05915275 0 
0 18 43 -4 -1.02274992 0 
0 18 43 -3 -0.95180558 0 
0 18 43 -2 -0.52846017 0 
0 18 43 -1 -0.81188449 0 
0 18 43 0 -0.33583280 0 
0 18 43 1 0.01983463 0 
0 18 43 2 0.22852133 0 
0 18 43 3 0.85216205 0 
0 18 43 4 1.87488049 0 
0 18 43 5 1.22157116 0 
0 18 43 6 1.38992238 0 
0 18 43 7 1.63398478 0 
0 18 43 8 1.76490574 0 
0 18 43 9 1.83838398 0 
0 18 43 10 2.02336995 0 
0 18 43 11 1.55714978 0 
0 18 43 12 1.32595558 0 
0 18 43 13 0.92387148 0 
0 18 43 14 0.33321158 0 
0 18 43 15 0.00000000 1 
0 19 44 -8 -1.51770698 0 
0 19 44 -7 -1.36177549 0 
0 19 44 -6 -1.27651897 0 
0 19 44 -5 -2.03489889 0 
0 19 44 -4 -1.79419970 0 
0 19 44 -3 -1.46129442 0 
0 19 44 -2 -1.14889082 0 
0 19 44 -1 -1.11337194 0 
0 19 44 0 -1.10652662 0 
0 19 44 1 -0.26116976 0 
0 19 44 2 -0.26474178 0 
0 19 44 3 0.21113311 0 
0 19 44 4 0.51309141 0 
0 19 44 5 0.41596989 0 
0 19 44 6 0.44756288 0 
0 19 44 7 0.27571386 0 
0 19 44 8 0.81436416 0 
0 19 44 9 0.72660904 0 
0 19 44 10 0.82021674 0 
0 19 44 11 1.19682402 0 
0 19 44 12 0.92279479 0 
0 19 44 13 0.27143505 0 
0 19 44 14 0.28928157 0 
0 19 44 15 0.00000000 1 
0 19 45 -8 -1.82290236 0 
0 19 45 -7 -1.46343917 0 
0 19 45 -6 -1.98867851 0 
0 19 45 -5 -1.52992879 0 
0 19 45 -4 -1.14356609 0 
0 19 45 -3 -1.63280259 0 
0 19 45 -2 -1.86203443 0 
0 19 45 -1 -1.57769707 0 
0 19 45 0 -1.10682027 0 
0 19 45 1 -1.03638438 0 
0 19 45 2 -0.42552906 0 
0 19 45 3 0.22698387 0 
0 19 45 4 0.29490401 0 
0 19 45 5 0.80214349 0 
0 19 45 6 0.99096927 0 
0 19 45 7 1.09947267 0 
0 19 45 8 0.85896489 0 
0 19 45 9 1.02328377 0 
0 19 45 10 0.57673092 0 
0 19 45 11 0.23069076 0 
0 19 45 12 -0.00365379 0 
0 19 45 13 0.15769260 0 
0 19 45 14 0.00000000 1 
0 19 45 15 0.00000000 1 
0 20 46 -8 0.00000000 1 
0 20 46 -7 0.00000000 1 
0 20 46 -6 0.00000000 1 
0 20 46 -5 0.00000000 1 
0 20 46 -4 0.00000000 1 
0 20 46 -3 -0.99514392 0 
0 20 46 -2 -0.28353265 0 
0 20 46 -1 0.33714920 0 
0 20 46 0 -1.74813774 0 
0 20 46 1 -0.42596169 0 
0 20 46 2 1.11459654 0 
0 20 46 3 1.14485265 0 
0 20 46 4 1.32580756 0 
0 20 46 5 1.41499814 0 
0 20 46 6 2.15493272 0 
0 20 46 7 1.90032489 0 
0 20 46 8 1.90560812 0 
0 20 46 9 0.98307897 0 
0 20 46 10 1.00116772 0 
0 20 46 11 0.14548754 0 
0 20 46 12 0.00000000 1 
0 20 46 13 0.00000000 1 
0 20 46 14 0.00000000 1 
0 20 46 15 0.00000000 1 
0 21 47 -8 -2.40589011 0 
0 21 47 -7 -2.54571565 0 
0 21 47 -6 -2.58259895 0 
0 21 47 -5 -2.44682590 0 
0 21 47 -4 -2.64479348 0 
0 21 47 -3 -2.33626809 0 
0 21 47 -2 -3.09534354 0 
0 21 47 -1 -3.06346451 0 
0 21 47 0 -2.26242490 0 
0 21 47 1 -1.99711759 0 
0 21 47 2 -1.79358192 0 
0 21 47 3 -1.07693700 0 
0 21 47 4 -0.53618309 0 
0 21 47 5 -0.28986718 0 
0 21 47 6 -0.13473141 0 
0 21 47 7 -0.58604586 0 
0 21 47 8 -0.34194550 0 
0 21 47 9 -0.69314718 0 
0 21 47 10 -0.61494252 0 
0 21 47 11 -0.42209077 0 
0 21 47 12 -0.47413905 0 
0 21 47 13 -1.31673946 0 
0 21 47 14 0.00000000 1 
0 21 47 15 0.00000000 1 
0 21 48 -8 -1.28151573 0 
0 21 48 -7 -1.34430219 0 
0 21 48 -6 -1.17750267 0 
0 21 48 -5 -0.84031859 0 
0 21 48 -4 -0.75952064 0 
0 21 48 -3 -1.13050113 0 
0 21 48 -2 -0.94596362 0 
0 21 48 -1 -0.75297894 0 
0 21 48 0 -0.83946722 0 
0 21 48 1 -0.55639263 0 
0 21 48 2 -0.28219553 0 
0 21 48 3 0.56115174 0 
0 21 48 4 0.66730765 0 
0 21 48 5 0.79345062 0 
0 21 48 6 0.86360230 0 
0 21 48 7 1.19976040 0 
0 21 48 8 1.11803037 0 
0 21 48 9 1.04533415 0 
0 21 48 10 0.77764991 0 
0 21 48 11 0.55986607 0 
0 21 48 12 -0.19290367 0 
0 21 48 13 0.00000000 1 
0 21 48 14 0.00000000 1 
0 21 48 15 0.00000000 1 
0 21 49 -8 -1.41428997 0 
0 21 49 -7 -1.52081908 0 
0 21 49 -6 -1.17205281 0 
0 21 49 -5 -1.19236160 0 
0 21 49 -4 -1.36842181 0 
0 21 49 -3 -1.23573372 0 
0 21 49 -2 -0.99132481 0 
0 21 49 -1 -1.31651297 0 
0 21 49 0 -0.26010385 0 
0 21 49 1 0.00000000 1 
0 21 49 2 0.37010009 0 
0 21 49 3 0.44777816 0 
0 21 49 4 0.66900327 0 
0 21 49 5 1.85630798 0 
0 21 49 6 1.16456940 0 
0 21 49 7 0.40993521 0 
0 21 49 8 1.34878739 0 
0 21 49 9 1.13516564 0 
0 21 49 10 1.06912259 0 
0 21 49 11 0.46195275 0 
0 21 49 12 -0.52623078 0 
0 21 49 13 0.00000000 1 
0 21 49 14 0.00000000 1 
0 21 49 15 0.00000000 1 
0 22 50 -8 -1.43888079 0 
0 22 50 -7 -0.89996142 0 
0 22 50 -6 -1.51819426 0 
0 22 50 -5 -1.75685285 0 
0 22 50 -4 -1.25715767 0 
0 22 50 -3 -1.91384633 0 
0 22 50 -2 -1.73456146 0 
0 22 50 -1 -1.83244932 0 
0 22 50 0 -1.32173048 0 
0 22 50 1 -0.60833767 0 
0 22 50 2 -0.19325292 0 
0 22 50 3 0.31507420 0 
0 22 50 4 0.76889414 0 
0 22 50 5 1.32444461 0 
0 22 50 6 1.28017532 0 
0 22 50 7 1.46149984 0 
0 22 50 8 1.34854968 0 
0 22 50 9 -0.82432419 0 
0 22 50 10 0.96209225 0 
0 22 50 11 1.34334349 0 
0 22 50 12 0.85433554 0 
0 22 50 13 0.00000000 1 
0 22 50 14 0.00000000 1 
0 22 50 15 0.00000000 1 
0 22 51 -8 -1.69795525 0 
0 22 51 -7 -1.86008308 0 
0 22 51 -6 -1.42618212 0 
0 22 51 -5 -1.17554844 0 
0 22 51 -4 -1.52733277 0 
0 22 51 -3 -1.93890392 0 
0 22 51 -2 -1.68112984 0 
0 22 51 -1 -1.38411048 0 
0 22 51 0 -0.56280336 0 
0 22 51 1 -0.02959311 0 
0 22 51 2 0.40014193 0 
0 22 51 3 0.75148135 0 
0 22 51 4 1.20376358 0 
0 22 51 5 1.61708267 0 
0 22 51 6 1.82540394 0 
0 22 51 7 1.77705157 0 
0 22 51 8 1.56497872 0 
0 22 51 9 0.81667432 0 
0 22 51 10 1.17737810 0 
0 22 51 11 1.02783996 0 
0 22 51 12 0.00000000 1 
0 22 51 13 0.00000000 1 
0 22 51 14 0.00000000 1 
0 22 51 15 0.00000000 1 
0 22 52 -8 -2.97748997 0 
0 22 52 -7 -1.73690020 0 
0 22 52 -6 -1.98610001 0 
0 22 52 -5 -1.43800052 0 
0 22 52 -4 -1.23475840 0 
0 22 52 -3 -1.72921414 0 
0 22 52 -2 -2.04865654 0 
0 22 52 -1 -1.56238537 0 
0 22 52 0 -2.43808887 0 
0 22 52 1 -1.13777483 0 
0 22 52 2 0.00000000 1 
0 22 52 3 0.13371934 0 
0 22 52 4 0.63149502 0 
0 22 52 5 1.12170017 0 
0 22 52 6 1.44590939 0 
0 22 52 7 1.79970511 0 
0 22 52 8 1.41398894 0 
0 22 52 9 0.00000000 1 
0 22 52 10 0.00000000 1 
0 22 52 11 1.23101110 0 
0 22 52 12 0.00000000 1 
0 22 52 13 0.00000000 1 
0 22 52 14 0.00000000 1 
0 22 52 15 0.00000000 1 
0 23 53 -8 -2.67973444 0 
0 23 53 -7 -2.57573906 0 
0 23 53 -6 -1.81533557 0 
0 23 53 -5 -0.54259233 0 
0 23 53 -4 -1.91018378 0 
0 23 53 -3 -2.62623791 0 
0 23 53 -2 -0.91600360 0 
0 23 53 -1 -1.56027313 0 
0 23 53 0 -2.94507013 0 
0 23 53 1 -1.48931935 0 
0 23 53 2 -2.84086577 0 
0 23 53 3 -0.15894870 0 
0 23 53 4 -1.63241936 0 
0 23 53 5 0.24388797 0 
0 23 53 6 0.90626623 0 
0 23 53 7 -1.41427513 0 
0 23 53 8 -1.36715466 0 
0 23 53 9 -2.41038102 0 
0 23 53 10 -1.67045437 0 
0 23 53 11 -0.58951080 0 
0 23 53 12 0.37691650 0 
0 23 53 13 0.77048243 0 
0 23 53 14 -2.39176226 0 
0 23 53 15 0.00000000 1 
0 24 54 -8 -0.05666799 0 
0 24 54 -7 0.33033097 0 
0 24 54 -6 0.53062825 0 
0 24 54 -5 -0.14550061 0 
0 24 54 -4 -0.13073232 0 
0 24 54 -3 -0.00521770 0 
0 24 54 -2 0.67683602 0 
0 24 54 -1 0.59401779 0 
0 24 54 0 0.63823911 0 
0 24 54 1 0.78204408 0 
0 24 54 2 0.88914215 0 
0 24 54 3 1.37091233 0 
0 24 54 4 1.95826264 0 
0 24 54 5 2.28519751 0 
0 24 54 6 2.21550334 0 
0 24 54 7 2.01089500 0 
0 24 54 8 2.24640392 0 
0 24 54 9 1.99513138 0 
0 24 54 10 1.89938216 0 
0 24 54 11 2.07062384 0 
0 24 54 12 2.09731896 0 
0 24 54 13 1.65193979 0 
0 24 54 14 1.34547890 0 
0 24 54 15 0.94124460 0 
0 24 55 -8 -0.38212899 0 
0 24 55 -7 0.05600801 0 
0 24 55 -6 0.04658157 0 
0 24 55 -5 -0.00751033 0 
0 24 55 -4 -0.09616370 0 
0 24 55 -3 -0.26817223 0 
0 24 55 -2 -0.07258200 0 
0 24 55 -1 -0.04298128 0 
0 24 55 0 0.08683236 0 
0 24 55 1 0.71142238 0 
0 24 55 2 0.78982921 0 
0 24 55 3 1.17590240 0 
0 24 55 4 1.31479961 0 
0 24 55 5 1.64482929 0 
0 24 55 6 2.03394110 0 
0 24 55 7 2.09266719 0 
0 24 55 8 2.19081236 0 
0 24 55 9 1.76659682 0 
0 24 55 10 1.75063145 0 
0 24 55 11 1.39277662 0 
0 24 55 12 1.33603134 0 
0 24 55 13 1.32682978 0 
0 24 55 14 1.30381113 0 
0 24 55 15 0.83666968 0 
0 25 56 -8 -0.52239755 0 
0 25 56 -7 -0.78851124 0 
0 25 56 -6 -0.59500538 0 
0 25 56 -5 -0.42504159 0 
0 25 56 -4 -0.70300853 0 
0 25 56 -3 -0.75781519 0 
0 25 56 -2 -0.77857483 0 
0 25 56 -1 -0.67402157 0 
0 25 56 0 -0.32976417 0 
0 25 56 1 0.29173554 0 
0 25 56 2 0.31750258 0 
0 25 56 3 0.79361927 0 
0 25 56 4 1.07821200 0 
0 25 56 5 1.31559480 0 
0 25 56 6 1.78797091 0 
0 25 56 7 1.44363796 0 
0 25 56 8 1.31665559 0 
0 25 56 9 1.44213581 0 
0 25 56 10 1.47348684 0 
0 25 56 11 1.54186264 0 
0 25 56 12 1.37813853 0 
0 25 56 13 0.95769038 0 
0 25 56 14 0.97882750 0 
0 25 56 15 0.36325244 0 
0 25 57 -8 -0.76000781 0 
0 25 57 -7 -0.34325695 0 
0 25 57 -6 -0.22769180 0 
0 25 57 -5 -0.81621815 0 
0 25 57 -4 -0.73622066 0 
0 25 57 -3 -0.99762874 0 
0 25 57 -2 -0.72186358 0 
0 25 57 -1 -0.58320822 0 
0 25 57 0 -0.29286555 0 
0 25 57 1 -0.15793190 0 
0 25 57 2 0.16648213 0 
0 25 57 3 0.67151486 0 
0 25 57 4 1.10425286 0 
0 25 57 5 1.57786876 0 
0 25 57 6 1.65756734 0 
0 25 57 7 1.78868187 0 
0 25 57 8 1.79224569 0 
0 25 57 9 1.79285564 0 
0 25 57 10 1.61407693 0 
0 25 57 11 1.59792724 0 
0 25 57 12 1.52232005 0 
0 25 57 13 1.43481420 0 
0 25 57 14 1.20601432 0 
0 25 57 15 0.59376249 0 
0 25 58 -8 -1.26244483 0 
0 25 58 -7 -0.77264224 0 
0 25 58 -6 -0.47878712 0 
0 25 58 -5 -1.05922722 0 
0 25 58 -4 -0.97119611 0 
0 25 58 -3 -1.32354466 0 
0 25 58 -2 -0.45906106 0 
0 25 58 -1 -0.75993209 0 
0 25 58 0 -0.55598879 0 
0 25 58 1 -0.53105912 0 
0 25 58 2 -0.65296343 0 
0 25 58 3 -0.59229093 0 
0 25 58 4 -0.52024616 0 
0 25 58 5 -0.41334996 0 
0 25 58 6 -0.77925998 0 
0 25 58 7 0.00000000 1 
0 25 58 8 -0.97855394 0 
0 25 58 9 -0.93051839 0 
0 25 58 10 -0.53841199 0 
0 25 58 11 -0.53416771 0 
0 25 58 12 -0.56314922 0 
0 25 58 13 0.00000000 1 
0 25 58 14 0.00000000 1 
0 25 58 15 0.00000000 1 
0 25 59 -8 -1.87411111 0 
0 25 59 -7 -2.05956685 0 
0 25 59 -6 -1.98728236 0 
0 25 59 -5 -0.64682482 0 
0 25 59 -4 -2.20952086 0 
0 25 59 -3 -1.80369471 0 
0 25 59 -2 -0.60158312 0 
0 25 59 -1 -0.45840217 0 
0 25 59 0 0.14539245 0 
0 25 59 1 -0.44101426 0 
0 25 59 2 0.44497065 0 
0 25 59 3 0.91951777 0 
0 25 59 4 1.65608023 0 
0 25 59 5 1.51808768 0 
0 25 59 6 1.52320835 0 
0 25 59 7 1.68391726 0 
0 25 59 8 1.63492277 0 
0 25 59 9 1.76071143 0 
0 25 59 10 1.42352479 0 
0 25 59 11 1.36122645 0 
0 25 59 12 1.33000040 0 
0 25 59 13 1.06907541 0 
0 25 59 14 0.69774833 0 
0 25 59 15 -0.02748181 0 
0 26 60 -8 -1.19070156 0 
0 26 60 -7 -1.49530351 0 
0 26 60 -6 -3.26008506 0 
0 26 60 -5 -2.16340692 0 
0 26 60 -4 -1.48180186 0 
0 26 60 -3 -1.27951178 0 
0 26 60 -2 -1.29665469 0 
0 26 60 -1 -1.41654649 0 
0 26 60 0 -0.90600122 0 
0 26 60 1 -1.51975147 0 
0 26 60 2 -0.33538099 0 
0 26 60 3 0.26337299 0 
0 26 60 4 -1.54220883 0 
0 26 60 5 0.82858864 0 
0 26 60 6 0.99499250 0 
0 26 60 7 -0.02861641 0 
0 26 60 8 -0.62740125 0 
0 26 60 9 0.89187959 0 
0 26 60 10 0.91242937 0 
0 26 60 11 -0.47137847 0 
0 26 60 12 -1.70435489 0 
0 26 60 13 -0.00195917 0 
0 26 60 14 0.74585282 0 
0 26 60 15 -2.32301120 0 
0 26 61 -8 -1.51372452 0 
0 26 61 -7 -1.06745159 0 
0 26 61 -6 -1.06508601 0 
0 26 61 -5 -1.54864046 0 
0 26 61 -4 -1.38360533 0 
0 26 61 -3 -1.32748283 0 
0 26 61 -2 -1.46226174 0 
0 26 61 -1 -1.04823908 0 
0 26 61 0 -0.77602316 0 
0 26 61 1 -0.44682967 0 
0 26 61 2 -0.11143463 0 
0 26 61 3 0.31785564 0 
0 26 61 4 1.17117777 0 
0 26 61 5 1.18546663 0 
0 26 61 6 1.37854286 0 
0 26 61 7 1.45262191 0 
0 26 61 8 1.53574435 0 
0 26 61 9 1.57600213 0 
0 26 61 10 1.61741132 0 
0 26 61 11 1.31952246 0 
0 26 61 12 0.77696452 0 
0 26 61 13 0.65242886 0 
0 26 61 14 0.00000000 1 
0 26 61 15 0.00000000 1 
0 27 62 -8 -1.07146740 0 
0 27 62 -7 -1.57957262 0 
0 27 62 -6 -0.94468961 0 
0 27 62 -5 -1.04262381 0 
0 27 62 -4 -1.02301222 0 
0 27 62 -3 -1.18541284 0 
0 27 62 -2 -1.52558883 0 
0 27 62 -1 -1.21391838 0 
0 27 62 0 -3.15220583 0 
0 27 62 1 -0.65139648 0 
0 27 62 2 -0.96657337 0 
0 27 62 3 0.60052427 0 
0 27 62 4 -0.57930863 0 
0 27 62 5 1.51536618 0 
0 27 62 6 1.74187614 0 
0 27 62 7 1.68091575 0 
0 27 62 8 1.51782880 0 
0 27 62 9 1.47716310 0 
0 27 62 10 1.63384547 0 
0 27 62 11 0.32773454 0 
0 27 62 12 0.85831348 0 
0 27 62 13 1.34169079 0 
0 27 62 14 0.15591552 0 
0 27 62 15 0.00000000 1 
0 27 63 -8 -0.92631722 0 
0 27 63 -7 -1.24664258 0 
0 27 63 -6 -1.19448813 0 
0 27 63 -5 -1.41317000 0 
0 27 63 -4 -1.27089667 0 
0 27 63 -3 -0.80695881 0 
0 27 63 -2 -1.15122106 0 
0 27 63 -1 -0.74738980 0 
0 27 63 0 -0.33068620 0 
0 27 63 1 0.26104239 0 
0 27 63 2 0.84412220 0 
0 27 63 3 1.12878155 0 
0 27 63 4 1.46500289 0 
0 27 63 5 1.67475549 0 
0 27 63 6 1.91093227 0 
0 27 63 7 1.83757213 0 
0 27 63 8 1.93451259 0 
0 27 63 9 1.21917556 0 
0 27 63 10 1.81479254 0 
0 27 63 11 1.68287050 0 
0 27 63 12 1.41922484 0 
0 27 63 13 0.86199395 0 
0 27 63 14 0.61731284 0 
0 27 63 15 0.00000000 1 
0 27 64 -8 -2.78975973 0 
0 27 64 -7 -2.26629193 0 
0 27 64 -6 -1.91064419 0 
0 27 64 -5 -2.23575331 0 
0 27 64 -4 -1.65221302 0 
0 27 64 -3 -2.21375927 0 
0 27 64 -2 -1.26235237 0 
0 27 64 -1 -0.99589553 0 
0 27 64 0 -0.30702971 0 
0 27 64 1 -0.59556169 0 
0 27 64 2 -0.35439169 0 
0 27 64 3 0.02309071 0 
0 27 64 4 0.67718360 0 
0 27 64 5 -0.30568813 0 
0 27 64 6 0.57502951 0 
0 27 64 7 0.38546578 0 
0 27 64 8 0.98067988 0 
0 27 64 9 1.89604711 0 
0 27 64 10 1.89728473 0 
0 27 64 11 1.42788770 0 
0 27 64 12 1.11267934 0 
0 27 64 13 1.16590874 0 
0 27 64 14 0.00000000 1 
0 27 64 15 0.00000000 1 
0 28 65 -8 -1.47887900 0 
0 28 65 -7 -1.54660839 0 
0 28 65 -6 -1.34113565 0 
0 28 65 -5 -1.83132340 0 
0 28 65 -4 -1.71029274 0 
0 28 65 -3 -1.25346262 0 
0 28 65 -2 -1.20354370 0 
0 28 65 -1 -1.02473311 0 
0 28 65 0 -0.81375031 0 
0 28 65 1 -0.60429384 0 
0 28 65 2 0.00946040 0 
0 28 65 3 0.35206709 0 
0 28 65 4 0.74937652 0 
0 28 65 5 1.10394636 0 
0 28 65 6 0.75947515 0 
0 28 65 7 0.99723493 0 
0 28 65 8 0.95897073 0 
0 28 65 9 1.01587822 0 
0 28 65 10 1.21353263 0 
0 28 65 11 1.04367767 0 
0 28 65 12 0.66704160 0 
0 28 65 13 0.85000881 0 
0 28 65 14 0.62677367 0 
0 28 65 15 -0.06822577 0 
0 29 66 -8 -0.31177962 0 
0 29 66 -7 -0.47287109 0 
0 29 66 -6 -0.56824016 0 
0 29 66 -5 -0.39266190 0 
0 29 66 -4 -0.22184466 0 
0 29 66 -3 -0.40368561 0 
0 29 66 -2 -0.34016901 0 
0 29 66 -1 -0.05887367 0 
0 29 66 0 -0.32179274 0 
0 29 66 1 -0.16861904 0 
0 29 66 2 0.05604310 0 
0 29 66 3 1.00542444 0 
0 29 66 4 1.58176607 0 
0 29 66 5 1.73876358 0 
0 29 66 6 1.93673351 0 
0 29 66 7 1.86962052 0 
0 29 66 8 2.01731167 0 
0 29 66 9 1.64266382 0 
0 29 66 10 1.50588236 0 
0 29 66 11 0.73632982 0 
0 29 66 12 0.82333708 0 
0 29 66 13 1.24263711 0 
0 29 66 14 0.00000000 1 
0 29 66 15 0.00000000 1 
0 29 67 -8 -0.48118262 0 
0 29 67 -7 -0.71762831 0 
0 29 67 -6 -0.94041797 0 
0 29 67 -5 -0.83146223 0 
0 29 67 -4 -1.00418482 0 
0 29 67 -3 -0.51462988 0 
0 29 67 -2 -0.78911779 0 
0 29 67 -1 -0.45305929 0 
0 29 67 0 -0.80187652 0 
0 29 67 1 -0.32264029 0 
0 29 67 2 0.21480905 0 
0 29 67 3 0.74572714 0 
0 29 67 4 1.17609501 0 
0 29 67 5 1.43860477 0 
0 29 67 6 1.65329073 0 
0 29 67 7 1.68613194 0 
0 29 67 8 1.98496453 0 
0 29 67 9 1.83415779 0 
0 29 67 10 1.55637340 0 
0 29 67 11 1.29996878 0 
0 29 67 12 1.11560365 0 
0 29 67 13 0.86934964 0 
0 29 67 14 0.00000000 1 
0 29 67 15 0.00000000 1 
0 29 68 -8 -0.44568870 0 
0 29 68 -7 -0.63732751 0 
0 29 68 -6 -0.75221193 0 
0 29 68 -5 -0.83974537 0 
0 29 68 -4 -0.59908564 0 
0 29 68 -3 -0.96192482 0 
0 29 68 -2 -0.94071447 0 
0 29 68 -1 -0.57866882 0 
0 29 68 0 -0.35908036 0 
0 29 68 1 -0.02784389 0 
0 29 68 2 0.76182734 0 
0 29 68 3 0.72169272 0 
0 29 68 4 1.16789030 0 
0 29 68 5 1.50151492 0 
0 29 68 6 1.64159737 0 
0 29 68 7 1.95331314 0 
0 29 68 8 1.73575146 0 
0 29 68 9 1.10064597 0 
0 29 68 10 1.09126535 0 
0 29 68 11 1.08081766 0 
0 29 68 12 1.00469659 0 
0 29 68 13 0.62270619 0 
0 29 68 14 0.35372927 0 
0 29 68 15 0.00000000 1 
0 29 69 -8 -0.61446126 0 
0 29 69 -7 -0.83087713 0 
0 29 69 -6 -1.00576803 0 
0 29 69 -5 -0.69314718 0 
0 29 69 -4 -0.72285856 0 
0 29 69 -3 -0.71424417 0 
0 29 69 -2 -0.49416833 0 
0 29 69 -1 -0.24394764 0 
0 29 69 0 -0.11278271 0 
0 29 69 1 0.22700253 0 
0 29 69 2 0.61535270 0 
0 29 69 3 1.24337373 0 
0 29 69 4 1.33786274 0 
0 29 69 5 1.61580646 0 
0 29 69 6 1.96020143 0 
0 29 69 7 1.78099696 0 
0 29 69 8 1.61930278 0 
0 29 69 9 1.54550315 0 
0 29 69 10 1.24780550 0 
0 29 69 11 1.22811041 0 
0 29 69 12 1.41302174 0 
0 29 69 13 0.85092614 0 
0 29 69 14 0.00000000 1 
0 29 69 15 0.00000000 1 
1 30 70 -8 -0.40672436 0 
1 30 70 -7 -0.77247142 0 
1 30 70 -6 -0.46911611 0 
1 30 70 -5 -0.52854914 0 
1 30 70 -4 -0.63556722 0 
1 30 70 -3 -0.75894020 0 
1 30 70 -2 -0.48506060 0 
1 30 70 -1 -0.61457390 0 
1 30 70 0 -0.69954339 0 
1 30 70 1 -0.41589327 0 
1 30 70 2 0.00913742 0 
1 30 70 3 0.24139999 0 
1 30 70 4 0.70749910 0 
1 30 70 5 1.38855581 0 
1 30 70 6 1.15876123 0 
1 30 70 7 1.66598278 0 
1 30 70 8 1.83860600 0 
1 30 70 9 1.40253704 0 
1 30 70 10 2.05146279 0 
1 30 70 11 2.08087380 0 
1 30 70 12 2.23301956 0 
1 30 70 13 2.35766656 0 
1 30 70 14 2.52199420 0 
1 30 70 15 2.88586919 0 
1 31 71 -8 -0.00168958 0 
1 31 71 -7 -0.06828214 0 
1 31 71 -6 -0.56457418 0 
1 31 71 -5 -0.41880711 0 
1 31 71 -4 -0.13995866 0 
1 31 71 -3 -0.35614004 0 
1 31 71 -2 0.27729911 0 
1 31 71 -1 -0.21837270 0 
1 31 71 0 0.03827632 0 
1 31 71 1 0.00395310 0 
1 31 71 2 0.26544631 0 
1 31 71 3 0.78885369 0 
1 31 71 4 1.36794744 0 
1 31 71 5 1.88396666 0 
1 31 71 6 -0.25557883 0 
1 31 71 7 2.23965242 0 
1 31 71 8 2.41585384 0 
1 31 71 9 2.50580869 0 
1 31 71 10 2.10367801 0 
1 31 71 11 2.16111410 0 
1 31 71 12 2.38785300 0 
1 31 71 13 2.36895532 0 
1 31 71 14 2.35927099 0 
1 31 71 15 2.65139443 0 
1 32 72 -8 0.06736864 0 
1 32 72 -7 -0.08121344 0 
1 32 72 -6 -0.59064206 0 
1 32 72 -5 -0.29338865 0 
1 32 72 -4 -0.33062427 0 
1 32 72 -3 -0.30086908 0 
1 32 72 -2 -0.46368877 0 
1 32 72 -1 0.13380882 0 
1 32 72 0 -0.13011106 0 
1 32 72 1 0.57462297 0 
1 32 72 2 0.48967173 0 
1 32 72 3 0.53865066 0 
1 32 72 4 1.26455165 0 
1 32 72 5 1.15751122 0 
1 32 72 6 1.74780735 0 
1 32 72 7 2.11339792 0 
1 32 72 8 1.47880088 0 
1 32 72 9 1.71418285 0 
1 32 72 10 1.32541751 0 
1 32 72 11 2.14829423 0 
1 32 72 12 2.67348530 0 
1 32 72 13 2.29942850 0 
1 32 72 14 2.56605773 0 
1 32 72 15 2.56719095 0 
1 33 73 -8 -1.12184459 0 
1 33 73 -7 -0.95956199 0 
1 33 73 -6 -0.59583970 0 
1 33 73 -5 -0.89045144 0 
1 33 73 -4 -1.12863330 0 
1 33 73 -3 -0.98879742 0 
1 33 73 -2 -1.14252003 0 
1 33 73 -1 -0.51043262 0 
1 33 73 0 -0.11320637 0 
1 33 73 1 0.14728035 0 
1 33 73 2 0.96216119 0 
1 33 73 3 1.50407740 0 
1 33 73 4 1.59826461 0 
1 33 73 5 1.21723371 0 
1 33 73 6 1.56709458 0 
1 33 73 7 1.11554700 0 
1 33 73 8 0.91783038 0 
1 33 73 9 1.13367743 0 
1 33 73 10 1.34296832 0 
1 33 73 11 1.38489674 0 
1 33 73 12 2.11829236 0 
1 33 73 13 2.22279622 0 
1 33 73 14 2.48198328 0 
1 33 73 15 2.52045095 0 
1 34 74 -8 -0.52368378 0 
1 34 74 -7 -0.42341175 0 
1 34 74 -6 -0.40546511 0 
1 34 74 -5 -0.32101849 0 
1 34 74 -4 -0.59083313 0 
1 34 74 -3 -2.02814825 0 
1 34 74 -2 0.00000000 1 
1 34 74 -1 -0.87330891 0 
1 34 74 0 -0.20317539 0 
1 34 74 1 -0.23313211 0 
1 34 74 2 -0.04321230 0 
1 34 74 3 0.48630201 0 
1 34 74 4 1.06272222 0 
1 34 74 5 1.39817207 0 
1 34 74 6 1.44083140 0 
1 34 74 7 2.02644546 0 
1 34 74 8 1.70594512 0 
1 34 74 9 1.98604619 0 
1 34 74 10 1.82052329 0 
1 34 74 11 1.81508947 0 
1 34 74 12 1.97672923 0 
1 34 74 13 2.16506633 0 
1 34 74 14 2.32748017 0 
1 34 74 15 2.50567275 0 
1 35 75 -8 -0.59711542 0 
1 35 75 -7 -0.36186510 0 
1 35 75 -6 -0.03643899 0 
1 35 75 -5 -0.29324543 0 
1 35 75 -4 -0.07983457 0 
1 35 75 -3 -0.25763266 0 
1 35 75 -2 0.22471652 0 
1 35 75 -1 0.14404602 0 
1 35 75 0 -0.01661581 0 
1 35 75 1 0.21224696 0 
1 35 75 2 0.81357959 0 
1 35 75 3 1.19617537 0 
1 35 75 4 2.07134098 0 
1 35 75 5 2.08256167 0 
1 35 75 6 2.23935391 0 
1 35 75 7 2.23814316 0 
1 35 75 8 2.30357423 0 
1 35 75 9 2.47446369 0 
1 35 75 10 2.64303664 0 
1 35 75 11 0.00000000 1 
1 35 75 12 2.92225550 0 
1 35 75 13 2.83248712 0 
1 35 75 14 2.79506189 0 
1 35 75 15 2.33528463 0 
1 36 76 -8 -0.48823202 0 
1 36 76 -7 -0.15807236 0 
1 36 76 -6 0.12590251 0 
1 36 76 -5 -0.28712865 0 
1 36 76 -4 -0.32481047 0 
1 36 76 -3 -0.13576171 0 
1 36 76 -2 -0.08114913 0 
1 36 76 -1 0.21141418 0 
1 36 76 0 -0.36402540 0 
1 36 76 1 0.18620077 0 
1 36 76 2 0.52456816 0 
1 36 76 3 0.48928396 0 
1 36 76 4 1.10582250 0 
1 36 76 5 1.63075863 0 
1 36 76 6 1.37776588 0 
1 36 76 7 1.72571942 0 
1 36 76 8 1.78469991 0 
1 36 76 9 2.03969901 0 
1 36 76 10 1.80047421 0 
1 36 76 11 0.79983444 0 
1 36 76 12 1.94382740 0 
1 36 76 13 1.72858770 0 
1 36 76 14 1.66567171 0 
1 36 76 15 1.71233928 0 
1 37 77 -8 -1.07751624 0 
1 37 77 -7 -1.86255127 0 
1 37 77 -6 -2.06128196 0 
1 37 77 -5 -2.22346371 0 
1 37 77 -4 -1.44356879 0 
1 37 77 -3 -0.95136285 0 
1 37 77 -2 -1.73088358 0 
1 37 77 -1 -1.71525924 0 
1 37 77 0 -1.27315518 0 
1 37 77 1 -1.42663556 0 
1 37 77 2 -0.72498610 0 
1 37 77 3 -0.40349040 0 
1 37 77 4 -0.73767092 0 
1 37 77 5 -0.01433842 0 
1 37 77 6 0.35085767 0 
1 37 77 7 0.14298913 0 
1 37 77 8 0.24311568 0 
1 37 77 9 0.64854744 0 
1 37 77 10 0.53870684 0 
1 37 77 11 0.33790855 0 
1 37 77 12 0.74494918 0 
1 37 77 13 0.58972523 0 
1 37 77 14 1.08422981 0 
1 37 77 15 -0.04438630 0 
1 38 78 -8 0.24578805 0 
1 38 78 -7 0.58113972 0 
1 38 78 -6 0.38471293 0 
1 38 78 -5 0.37960199 0 
1 38 78 -4 0.38879553 0 
1 38 78 -3 0.62498417 0 
1 38 78 -2 0.37354198 0 
1 38 78 -1 0.89298523 0 
1 38 78 0 0.68948136 0 
1 38 78 1 0.82387683 0 
1 38 78 2 1.38632785 0 
1 38 78 3 3.01662697 0 
1 38 78 4 1.97962332 0 
1 38 78 5 2.28367164 0 
1 38 78 6 2.47382866 0 
1 38 78 7 2.47216296 0 
1 38 78 8 2.62466305 0 
1 38 78 9 3.07488207 0 
1 38 78 10 3.36007302 0 
1 38 78 11 2.73036723 0 
1 38 78 12 2.78371101 0 
1 38 78 13 3.37615115 0 
1 38 78 14 3.52266479 0 
1 38 78 15 3.06636227 0 
1 39 79 -8 0.77702047 0 
1 39 79 -7 0.73823312 0 
1 39 79 -6 1.07958068 0 
1 39 79 -5 0.49340699 0 
1 39 79 -4 -0.03816352 0 
1 39 79 -3 -0.20178488 0 
1 39 79 -2 -0.39301817 0 
1 39 79 -1 -0.34244589 0 
1 39 79 0 -0.52647771 0 
1 39 79 1 0.15929738 0 
1 39 79 2 -0.16917692 0 
1 39 79 3 0.68308805 0 
1 39 79 4 0.65989912 0 
1 39 79 5 0.86024286 0 
1 39 79 6 1.26975789 0 
1 39 79 7 1.14790820 0 
1 39 79 8 1.69196367 0 
1 39 79 9 1.56970638 0 
1 39 79 10 1.66396122 0 
1 39 79 11 1.78760706 0 
1 39 79 12 2.06796445 0 
1 39 79 13 2.22940554 0 
1 39 79 14 2.19150881 0 
1 39 79 15 1.93793199 0 
1 40 80 -8 -0.55265875 0 
1 40 80 -7 -0.67789585 0 
1 40 80 -6 -0.35098612 0 
1 40 80 -5 -0.30579708 0 
1 40 80 -4 -0.22194093 0 
1 40 80 -3 -0.38693286 0 
1 40 80 -2 -0.57785469 0 
1 40 80 -1 -0.57383350 0 
1 40 80 0 -0.09112707 0 
1 40 80 1 0.40545065 0 
1 40 80 2 0.45673746 0 
1 40 80 3 0.82265879 0 
1 40 80 4 0.89570459 0 
1 40 80 5 1.47309727 0 
1 40 80 6 1.27931861 0 
1 40 80 7 0.00000000 1 
1 40 80 8 0.00000000 1 
1 40 80 9 0.00000000 1 
1 40 80 10 1.98240194 0 
1 40 80 11 1.99120523 0 
1 40 80 12 0.00000000 1 
1 40 80 13 0.00000000 1 
1 40 80 14 0.00000000 1 
1 40 80 15 0.00000000 1 
1 41 81 -8 -1.05551856 0 
1 41 81 -7 -0.99332425 0 
1 41 81 -6 -0.54553412 0 
1 41 81 -5 -0.60081147 0 
1 41 81 -4 -0.64796230 0 
1 41 81 -3 -0.48718809 0 
1 41 81 -2 -0.34232096 0 
1 41 81 -1 -0.71996401 0 
1 41 81 0 -0.37070565 0 
1 41 81 1 -0.21961333 0 
1 41 81 2 0.58533517 0 
1 41 81 3 1.04327045 0 
1 41 81 4 1.38573354 0 
1 41 81 5 1.95976706 0 
1 41 81 6 1.59601781 0 
1 41 81 7 1.79175947 0 
1 41 81 8 1.86443721 0 
1 41 81 9 1.98062142 0 
1 41 81 10 1.77025220 0 
1 41 81 11 1.74267041 0 
1 41 81 12 2.29054604 0 
1 41 81 13 2.21742597 0 
1 41 81 14 2.43180293 0 
1 41 81 15 2.51718188 0 
1 42 82 -8 -1.75845571 0 
1 42 82 -7 -2.51819842 0 
1 42 82 -6 -1.65210295 0 
1 42 82 -5 -1.40584607 0 
1 42 82 -4 -3.03380104 0 
1 42 82 -3 -1.62604394 0 
1 42 82 -2 -2.07988787 0 
1 42 82 -1 -3.90689879 0 
1 42 82 0 -2.96905207 0 
1 42 82 1 -3.89815849 0 
1 42 82 2 -2.66140376 0 
1 42 82 3 0.90642112 0 
1 42 82 4 -0.07641226 0 
1 42 82 5 1.67871564 0 
1 42 82 6 0.00000000 1 
1 42 82 7 0.00000000 1 
1 42 82 8 0.00000000 1 
1 42 82 9 -1.35355099 0 
1 42 82 10 0.13414859 0 
1 42 82 11 2.00868825 0 
1 42 82 12 2.21466958 0 
1 42 82 13 2.16434099 0 
1 42 82 14 2.27000450 0 
1 42 82 15 2.14575297 0 
1 43 83 -8 -0.72672891 0 
1 43 83 -7 -1.00973147 0 
1 43 83 -6 -0.96394241 0 
1 43 83 -5 -1.10909731 0 
1 43 83 -4 -0.69944692 0 
1 43 83 -3 -4.46721801 0 
1 43 83 -2 -1.06184668 0 
1 43 83 -1 -1.10607776 0 
1 43 83 0 -0.71495757 0 
1 43 83 1 -0.46002481 0 
1 43 83 2 -0.01099393 0 
1 43 83 3 0.34009642 0 
1 43 83 4 0.41736773 0 
1 43 83 5 0.96533226 0 
1 43 83 6 0.93960896 0 
1 43 83 7 0.93205834 0 
1 43 83 8 1.18783217 0 
1 43 83 9 -2.96345073 0 
1 43 83 10 -0.55304857 0 
1 43 83 11 1.56102960 0 
1 43 83 12 1.54811482 0 
1 43 83 13 0.90789988 0 
1 43 83 14 1.38024469 0 
1 43 83 15 1.99353346 0 
1 44 84 -8 -1.42933997 0 
1 44 84 -7 -1.26749918 0 
1 44 84 -6 -0.76957288 0 
1 44 84 -5 -1.58476049 0 
1 44 84 -4 -1.31358401 0 
1 44 84 -3 -0.92628463 0 
1 44 84 -2 -1.21937945 0 
1 44 84 -1 -1.03149969 0 
1 44 84 0 -0.45850939 0 
1 44 84 1 -0.48111739 0 
1 44 84 2 0.18817536 0 
1 44 84 3 0.42834185 0 
1 44 84 4 0.91840035 0 
1 44 84 5 1.38028542 0 
1 44 84 6 0.86895038 0 
1 44 84 7 1.12054037 0 
1 44 84 8 1.30238719 0 
1 44 84 9 1.33374923 0 
1 44 84 10 0.87583806 0 
1 44 84 11 1.10247554 0 
1 44 84 12 1.12171174 0 
1 44 84 13 1.40581366 0 
1 44 84 14 1.57592229 0 
1 44 84 15 1.99599715 0 
1 45 85 -8 -2.01033564 0 
1 45 85 -7 -1.36095922 0 
1 45 85 -6 -1.55755109 0 
1 45 85 -5 -1.30911753 0 
1 45 85 -4 -1.57851861 0 
1 45 85 -3 -1.99790586 0 
1 45 85 -2 -2.14028604 0 
1 45 85 -1 -1.24038509 0 
1 45 85 0 -1.33732990 0 
1 45 85 1 -1.26564253 0 
1 45 85 2 -0.66731193 0 
1 45 85 3 -0.41762984 0 
1 45 85 4 0.37263592 0 
1 45 85 5 0.32237347 0 
1 45 85 6 0.64798897 0 
1 45 85 7 0.42904796 0 
1 45 85 8 0.51805253 0 
1 45 85 9 0.61290153 0 
1 45 85 10 1.08227304 0 
1 45 85 11 0.97592579 0 
1 45 85 12 0.78358643 0 
1 45 85 13 1.13571332 0 
1 45 85 14 1.03818489 0 
1 45 85 15 0.95436174 0 
1 46 86 -8 1.60382836 0 
1 46 86 -7 1.85401518 0 
1 46 86 -6 1.48889074 0 
1 46 86 -5 1.55764127 0 
1 46 86 -4 1.89200039 0 
1 46 86 -3 1.73119976 0 
1 46 86 -2 2.24247601 0 
1 46 86 -1 1.38146025 0 
1 46 86 0 1.90685279 0 
1 46 86 1 0.00000000 1 
1 46 86 2 2.46731838 0 
1 46 86 3 2.85380354 0 
1 46 86 4 3.06078448 0 
1 46 86 5 3.22614082 0 
1 46 86 6 3.32407087 0 
1 46 86 7 3.20058645 0 
1 46 86 8 3.01212267 0 
1 46 86 9 3.17723171 0 
1 46 86 10 3.62091552 0 
1 46 86 11 3.45042735 0 
1 46 86 12 3.59579113 0 
1 46 86 13 4.10054706 0 
1 46 86 14 3.97294279 0 
1 46 86 15 3.99235718 0 
1 47 87 -8 -0.97375147 0 
1 47 87 -7 -0.68364745 0 
1 47 87 -6 -0.68388882 0 
1 47 87 -5 -0.87580556 0 
1 47 87 -4 -0.72386991 0 
1 47 87 -3 -1.14174828 0 
1 47 87 -2 -0.91122473 0 
1 47 87 -1 -0.53052696 0 
1 47 87 0 -0.11458347 0 
1 47 87 1 -0.07253798 0 
1 47 87 2 0.18910207 0 
1 47 87 3 0.80280938 0 
1 47 87 4 1.22822754 0 
1 47 87 5 1.21745856 0 
1 47 87 6 1.49479505 0 
1 47 87 7 1.60254370 0 
1 47 87 8 1.47676872 0 
1 47 87 9 1.87317042 0 
1 47 87 10 1.76746753 0 
1 47 87 11 1.85566836 0 
1 47 87 12 2.06316162 0 
1 47 87 13 1.85626032 0 
1 47 87 14 1.96210617 0 
1 47 87 15 2.13144344 0 
1 48 88 -8 0.17414706 0 
1 48 88 -7 -0.19185378 0 
1 48 88 -6 -0.00734397 0 
1 48 88 -5 0.15870625 0 
1 48 88 -4 -0.03706342 0 
1 48 88 -3 -0.10648792 0 
1 48 88 -2 0.20373319 0 
1 48 88 -1 -0.00839007 0 
1 48 88 0 0.45373683 0 
1 48 88 1 -3.09738309 0 
1 48 88 2 -1.61272185 0 
1 48 88 3 -1.75886666 0 
1 48 88 4 -1.91151393 0 
1 48 88 5 0.04312846 0 
1 48 88 6 -0.09919160 0 
1 48 88 7 -1.10496885 0 
1 48 88 8 -1.35948821 0 
1 48 88 9 -0.99152148 0 
1 48 88 10 -0.74988663 0 
1 48 88 11 -0.36698101 0 
1 48 88 12 -0.31555434 0 
1 48 88 13 1.16935206 0 
1 48 88 14 1.28234544 0 
1 48 88 15 0.99007127 0 
1 49 89 -8 -0.38889056 0 
1 49 89 -7 -0.09018206 0 
1 49 89 -6 -0.23832074 0 
1 49 89 -5 -0.34762985 0 
1 49 89 -4 -0.17523770 0 
1 49 89 -3 -0.13936710 0 
1 49 89 -2 -0.38746266 0 
1 49 89 -1 -0.26546818 0 
1 49 89 0 0.32888630 0 
1 49 89 1 0.38091834 0 
1 49 89 2 0.93554980 0 
1 49 89 3 1.79160767 0 
1 49 89 4 1.69243857 0 
1 49 89 5 1.90889636 0 
1 49 89 6 2.04136141 0 
1 49 89 7 2.26337405 0 
1 49 89 8 2.13159404 0 
1 49 89 9 2.51791362 0 
1 49 89 10 2.05362084 0 
1 49 89 11 1.98854511 0 
1 49 89 12 2.16680492 0 
1 49 89 13 2.45330112 0 
1 49 89 14 2.20865420 0 
1 49 89 15 2.30288495 0 
1 50 90 -8 -0.54081549 0 
1 50 90 -7 -0.47822270 0 
1 50 90 -6 -0.65217875 0 
1 50 90 -5 -0.62285449 0 
1 50 90 -4 -0.81455286 0 
1 50 90 -3 -0.52020026 0 
1 50 90 -2 -0.44340520 0 
1 50 90 -1 -1.64459098 0 
1 50 90 0 -0.37933268 0 
1 50 90 1 -0.61306264 0 
1 50 90 2 -0.15293754 0 
1 50 90 3 0.49667837 0 
1 50 90 4 0.96105150 0 
1 50 90 5 1.71198041 0 
1 50 90 6 1.98948333 0 
1 50 90 7 1.69910229 0 
1 50 90 8 1.60098598 0 
1 50 90 9 2.27719785 0 
1 50 90 10 1.99867602 0 
1 50 90 11 2.48320083 0 
1 50 90 12 2.69475797 0 
1 50 90 13 2.36233973 0 
1 50 90 14 2.17957075 0 
1 50 90 15 0.00000000 1 
1 51 91 -8 -0.86569844 0 
1 51 91 -7 -0.40151575 0 
1 51 91 -6 -0.33310606 0 
1 51 91 -5 -0.91517279 0 
1 51 91 -4 -1.09008572 0 
1 51 91 -3 -0.83785187 0 
1 51 91 -2 -0.76353927 0 
1 51 91 -1 -1.04778767 0 
1 51 91 0 -0.63852868 0 
1 51 91 1 0.31174995 0 
1 51 91 2 -0.02508327 0 
1 51 91 3 0.22995874 0 
1 51 91 4 0.69718803 0 
1 51 91 5 1.18309110 0 
1 51 91 6 1.42152880 0 
1 51 91 7 1.23767130 0 
1 51 91 8 1.24413717 0 
1 51 91 9 1.00967813 0 
1 51 91 10 1.20062073 0 
1 51 91 11 1.47448060 0 
1 51 91 12 1.60286037 0 
1 51 91 13 1.55784755 0 
1 51 91 14 1.66214240 0 
1 51 91 15 1.84250059 0 